FIELD	zmp_ph131_B	zmp_ph131_C	zmp_ph131_D	zmp_ph131_E	zmp_ph131_F	zmp_ph130_B	zmp_ph130_C	zmp_ph130_D	zmp_ph130_E	zmp_ph130_F	zmp_ph133_B	zmp_ph133_D	zmp_ph133_E	zmp_ph133_F	zmp_ph133_G	zmp_ph128_B	zmp_ph128_C	zmp_ph128_D	zmp_ph128_E	zmp_ph128_F	zmp_ph125_B	zmp_ph125_C	zmp_ph125_D	zmp_ph125_E	zmp_ph125_F	zmp_ph126_B	zmp_ph126_C	zmp_ph126_D	zmp_ph126_E	zmp_ph126_F	zmp_ph115_B	zmp_ph115_C	zmp_ph115_D	zmp_ph115_E	zmp_ph115_F	zmp_ph124_B	zmp_ph124_C	zmp_ph124_D	zmp_ph124_E	zmp_ph124_F	zmp_ph129_B	zmp_ph129_C	zmp_ph129_D	zmp_ph129_E	zmp_ph129_G	zmp_ph121_A	zmp_ph121_B	zmp_ph121_C	zmp_ph121_D	zmp_ph121_E	zmp_ph122_A	zmp_ph122_B	zmp_ph122_C	zmp_ph122_D	zmp_ph122_F	zmp_ph127_B	zmp_ph127_C	zmp_ph127_D	zmp_ph127_E	zmp_ph127_F	zmp_ph119_A	zmp_ph119_B	zmp_ph119_C	zmp_ph119_D	zmp_ph119_E	zmp_ph116_A	zmp_ph116_B	zmp_ph116_C	zmp_ph116_D	zmp_ph116_F	zmp_ph117_A	zmp_ph117_C	zmp_ph117_D	zmp_ph117_E	zmp_ph117_F	zmp_ph118_B	zmp_ph118_C	zmp_ph118_D	zmp_ph118_E	zmp_ph118_F	zmp_ph120_A	zmp_ph120_B	zmp_ph120_C	zmp_ph120_D	zmp_ph120_E	zmp_ph123_B	zmp_ph123_C	zmp_ph123_D	zmp_ph123_F	zmp_ph123_G
Stranded_Rule_Code	1	1	1	1	1	1	1	1	1	1	1	1	1	1	1	1	1	1	1	1	1	1	1	1	1	1	1	1	1	1	1	1	1	1	1	1	1	1	1	1	1	1	1	1	1	1	1	1	1	1	1	1	1	1	1	1	1	1	1	1	1	1	1	1	1	1	1	1	1	1	1	1	1	1	1	1	1	1	1	1	1	1	1	1	1	1	1	1	1	1
READ_PAIR_OK	5753178	5726010	3945711	3917119	3866322	4512186	3332842	3348634	4447526	4225323	4951889	4147486	4725989	4986860	3843338	4257374	4198024	4290684	4027476	5033955	3527457	4116063	4056416	4307815	4026355	3552225	4023907	4222858	3457897	3957177	4304601	4230991	4088934	3598813	3342460	3731312	3635860	3892612	3981633	3259771	4360455	3676353	5044822	4511927	3952700	3249359	2937262	3803778	3326041	3271584	2880756	2944348	3144614	2748287	2746496	3936414	4444817	4285892	3849547	4062120	3074907	2975286	3322114	3512887	4023642	2921225	2879748	4795771	4680236	2821878	3038938	3349273	2956357	3003308	3500629	3667486	4206380	3331962	3334872	3119159	3339201	3033257	3455602	3495496	3446289	3780508	4020113	4483748	4117985	4024892
TOTAL_READ_PAIRS	6466967	6519227	4900335	5073742	4966256	5837835	4768637	4734118	5955686	5653502	5764817	4956115	5494509	5512382	4283596	5248354	5223977	5287510	5043154	5924128	4765122	5403717	5517678	5661822	5472121	4962826	5266895	5829071	4873800	5535090	5193028	5136471	5362037	4812557	4431691	5065432	5056979	5209141	5269910	4550659	5673237	4963554	6053763	5458977	5100982	4663018	4242791	5271246	4602175	4554297	4215526	4118917	4413986	4006349	3892393	5243543	5735954	5496938	5059924	5048848	4301611	4184623	4684766	4885363	5270162	4227874	4060631	6000400	5849415	3983553	4223625	4554947	4191954	4252071	4857518	4891713	5625517	4560547	4604257	4301746	4644671	4322828	4931815	4844208	4756840	5020929	5298863	6084022	5601769	5394194
DROPPED_NOT_PROPER_PAIR	473045	531466	775763	1007835	935546	942238	1191763	1063504	1186212	1122635	666931	700375	638536	398142	351664	882120	916219	891203	908118	765254	1044747	1090266	1243201	1124775	1234434	1162945	973150	1334164	1177978	1344745	664509	698203	1062830	1025582	932784	1065771	1175720	1059014	962020	1073125	1102467	1157188	783534	687016	998986	1225023	1136896	1245407	1090204	1100192	1150469	988736	1072500	1086378	977927	1141997	1089375	1034146	1049204	808925	1020888	1014219	1143464	1137371	976175	1136801	992019	906320	862969	990289	982920	950526	1042305	1038134	1131562	927848	1117567	998970	1055789	959450	1106167	1117818	1283838	1154871	1118197	965350	1029988	1284457	1224694	1135015
DROPPED_READ_FAILS_VENDOR_QC	0	0	0	0	0	0	0	0	0	0	0	0	0	0	0	0	0	0	0	0	0	0	0	0	0	0	0	0	0	0	0	0	0	0	0	0	0	0	0	0	0	0	0	0	0	0	0	0	0	0	0	0	0	0	0	0	0	0	0	0	0	0	0	0	0	0	0	0	0	0	0	0	0	0	0	0	0	0	0	0	0	0	0	0	0	0	0	0	0	0
DROPPED_MARKED_NOT_VALID	0	0	0	0	0	0	0	0	0	0	0	0	0	0	0	0	0	0	0	0	0	0	0	0	0	0	0	0	0	0	0	0	0	0	0	0	0	0	0	0	0	0	0	0	0	0	0	0	0	0	0	0	0	0	0	0	0	0	0	0	0	0	0	0	0	0	0	0	0	0	0	0	0	0	0	0	0	0	0	0	0	0	0	0	0	0	0	0	0	0
DROPPED_CHROMS_MISMATCH	6	9	6	20	9	5	9	10	16	13	2	11	11	7	2	12	12	11	12	12	6	7	9	8	14	13	8	14	8	21	20	19	19	16	14	16	17	12	13	14	9	11	16	9	12	11	5	2	6	3	3	2	6	6	4	19	20	14	18	15	8	4	6	5	6	12	12	15	8	7	12	5	5	10	8	9	9	7	6	10	8	9	6	4	6	17	14	18	18	16
DROPPED_PAIR_STRANDS_MISMATCH	0	0	0	0	0	0	0	0	0	0	0	0	0	0	0	0	0	0	0	0	0	0	0	0	0	0	0	0	0	0	0	0	0	0	0	0	0	0	0	0	0	0	0	0	0	0	0	0	0	0	0	0	0	0	0	0	0	0	0	0	0	0	0	0	0	0	0	0	0	0	0	0	0	0	0	0	0	0	0	0	0	0	0	0	0	0	0	0	0	0
DROPPED_IGNORED_CHROMOSOME	0	0	0	0	0	0	0	0	0	0	0	0	0	0	0	0	0	0	0	0	0	0	0	0	0	0	0	0	0	0	0	0	0	0	0	0	0	0	0	0	0	0	0	0	0	0	0	0	0	0	0	0	0	0	0	0	0	0	0	0	0	0	0	0	0	0	0	0	0	0	0	0	0	0	0	0	0	0	0	0	0	0	0	0	0	0	0	0	0	0
DROPPED_NOT_UNIQUE_ALIGNMENT	240738	261742	178855	148768	164379	383406	244023	321970	321932	305531	145995	108243	129973	127373	88592	108848	109722	105612	107548	124907	192912	197381	218052	229224	211318	247643	269830	272035	237917	233147	223898	207258	210254	188146	156433	268333	245382	257503	326244	217749	210306	130002	225391	260025	149284	188625	168628	222059	185924	182518	184298	185831	196866	171678	167966	165113	201742	176886	161155	177788	205808	195114	219182	235100	270339	169836	188852	298294	306202	171379	201755	255143	193287	210619	225319	296370	301561	229608	213590	223127	199295	171744	192369	193837	192348	275054	248748	315799	259072	234271
KEPT_NOT_UNIQUE_ALIGNMENT	0	0	0	0	0	0	0	0	0	0	0	0	0	0	0	0	0	0	0	0	0	0	0	0	0	0	0	0	0	0	0	0	0	0	0	0	0	0	0	0	0	0	0	0	0	0	0	0	0	0	0	0	0	0	0	0	0	0	0	0	0	0	0	0	0	0	0	0	0	0	0	0	0	0	0	0	0	0	0	0	0	0	0	0	0	0	0	0	0	0
minObservedReadLength	100	100	100	100	100	100	100	100	100	100	100	100	100	100	100	100	100	100	100	100	100	100	100	100	100	100	100	100	100	100	100	100	100	100	100	100	100	100	100	100	100	100	100	100	100	100	100	100	100	100	100	100	100	100	100	100	100	100	100	100	100	100	100	100	100	100	100	100	100	100	100	100	100	100	100	100	100	100	100	100	100	100	100	100	100	100	100	100	100	100
maxObservedReadLength	100	100	100	100	100	100	100	100	100	100	100	100	100	100	100	100	100	100	100	100	100	100	100	100	100	100	100	100	100	100	100	100	100	100	100	100	100	100	100	100	100	100	100	100	100	100	100	100	100	100	100	100	100	100	100	100	100	100	100	100	100	100	100	100	100	100	100	100	100	100	100	100	100	100	100	100	100	100	100	100	100	100	100	100	100	100	100	100	100	100
maxLegalPhredScore	41	41	41	41	41	41	41	41	41	41	41	41	41	41	41	41	41	41	41	41	41	41	41	41	41	41	41	41	41	41	41	41	41	41	41	41	41	41	41	41	41	41	41	41	41	41	41	41	41	41	41	41	41	41	41	41	41	41	41	41	41	41	41	41	41	41	41	41	41	41	41	41	41	41	41	41	41	41	41	41	41	41	41	41	41	41	41	41	41	41
IS_SINGLE_END	0	0	0	0	0	0	0	0	0	0	0	0	0	0	0	0	0	0	0	0	0	0	0	0	0	0	0	0	0	0	0	0	0	0	0	0	0	0	0	0	0	0	0	0	0	0	0	0	0	0	0	0	0	0	0	0	0	0	0	0	0	0	0	0	0	0	0	0	0	0	0	0	0	0	0	0	0	0	0	0	0	0	0	0	0	0	0	0	0	0
PREALIGNMENT_READ_CT	8385880	8283622	6207507	6496296	6339883	7569861	6359796	6140346	7758527	7420624	7094252	6137070	6821005	6906128	5452336	6609555	6591552	6657009	6307244	7360928	6370885	7195697	7424824	7478182	7267711	6662608	7119178	7740397	6457338	7341718	6759837	6763210	6946148	6257047	5797207	6480892	6533312	6971005	6736402	5919019	7076224	6366830	7587281	6907490	6473809	6307721	5757614	7083131	6223356	6163102	5730524	5605982	5977494	5454766	5305676	6775530	7370082	7168926	6475660	6443146	5757705	5598449	6268337	6580611	6906674	5746536	5469700	7949283	7787972	5376094	5619649	6156441	5562682	5639688	6413621	6503054	7377488	6066425	6150140	5764439	6326491	5845797	6702361	6563825	6555335	6388244	6764870	7763938	7198420	7026212
BENCHMARK_MinutesOnSamIteration	37.72	46.45	25.68	21.15	20.55	26.88	18.7	24.78	33.23	25.53	26.37	28.67	30.1	40.45	30.38	35.02	35.07	35.87	33.6	43.05	25.73	22.43	36.52	31.63	29.62	29.35	36.92	28.77	24.8	28.22	31.38	19.87	20.52	23.87	18.68	32.2	30.67	31.37	33.25	26.98	37.28	30	45.53	36.03	33.85	27.15	25.42	31.38	17.33	21.73	24.92	19.72	27.73	17.3	17.08	29.67	29.87	28.4	28.78	29.83	21.1	24.57	28.53	31.75	34.43	16.55	20.53	27.93	34.52	19.17	26.47	29.12	25.77	20.48	29.85	30.53	36.68	30.82	24.77	21.82	29.78	24.58	24.07	29.08	27.67	33.15	26.97	31.67	33.97	32.35
BENCHMARK_MinutesPerMillionReads	5.83	7.13	5.24	4.17	4.14	4.61	3.92	5.24	5.58	4.52	4.57	5.78	5.48	7.34	7.09	6.67	6.71	6.78	6.66	7.27	5.4	4.15	6.62	5.59	5.41	5.91	7.01	4.94	5.09	5.1	6.04	3.87	3.83	4.96	4.22	6.36	6.06	6.02	6.31	5.93	6.57	6.04	7.52	6.6	6.64	5.82	5.99	5.95	3.77	4.77	5.91	4.79	6.28	4.32	4.39	5.66	5.21	5.17	5.69	5.91	4.91	5.87	6.09	6.5	6.53	3.91	5.06	4.66	5.9	4.81	6.27	6.39	6.15	4.82	6.15	6.24	6.52	6.76	5.38	5.07	6.41	5.69	4.88	6	5.82	6.6	5.09	5.2	6.06	6
BENCHMARK_MinutesPerMillionGoodReads	6.56	8.11	6.51	5.4	5.32	5.96	5.61	7.4	7.47	6.04	5.32	6.91	6.37	8.11	7.91	8.22	8.35	8.36	8.34	8.55	7.3	5.45	9	7.34	7.36	8.26	9.17	6.81	7.17	7.13	7.29	4.7	5.02	6.63	5.59	8.63	8.43	8.06	8.35	8.28	8.55	8.16	9.03	7.99	8.56	8.36	8.65	8.25	5.21	6.64	8.65	6.7	8.82	6.29	6.22	7.54	6.72	6.63	7.48	7.34	6.86	8.26	8.59	9.04	8.56	5.67	7.13	5.82	7.37	6.79	8.71	8.69	8.72	6.82	8.53	8.33	8.72	9.25	7.43	6.99	8.92	8.1	6.96	8.32	8.03	8.77	6.71	7.06	8.25	8.04
ReadPairs_AmbigGene	29941	30138	21359	21299	20866	32791	24999	23816	32727	31022	24646	20116	22822	23859	17994	21963	22035	23437	21574	26649	26137	30016	30078	32642	30711	31392	34443	37379	31345	35041	28326	27653	27640	23115	22914	30339	28783	30220	31172	25755	22167	19165	26271	22383	21197	45852	41091	52962	45543	46318	44194	44112	45556	43047	41734	21904	26217	22904	21564	23434	44235	44465	48142	51019	56768	34232	33844	53627	52557	32040	40950	41423	39284	41268	45776	45300	51374	43054	41586	40492	43809	41078	46247	44649	46656	27891	29545	32556	30858	29391
ReadPairs_UniqueGene	4947762	4933314	3384908	3384396	3311741	3690581	2766675	2695425	3691245	3506597	4106167	3426191	3789104	4101964	3160555	3433691	3487343	3586718	3364122	4272711	2917032	3480351	3377778	3656669	3400990	2928427	3257751	3526533	2887054	3326855	3570571	3531893	3423888	3006759	2803760	3146479	3084447	3314293	3208788	2748040	3675716	3171988	4349747	3617062	3449448	2699654	2442015	3154679	2756056	2719075	2399950	2419730	2589365	2277354	2261720	3280209	3700990	3449588	3256463	3443305	2584886	2512836	2821363	2964592	3387696	2514162	2474692	4126073	4020820	2432050	2601328	2863560	2548098	2573674	3014001	3043692	3536252	2799429	2810289	2620284	2762291	2523593	2868254	2885574	2840620	3033449	3379767	3735299	3448191	3356192
ReadPairs_UniqueGene_CDS	3426094	3584096	2357770	2408466	2365915	2491526	1848341	1843384	2453653	2303970	2556343	2117729	2239790	2423908	1827578	2142471	2164048	2295640	2186576	2668043	1848953	2225293	2188556	2419017	2251542	1998657	2208749	2406438	2005788	2298566	2248684	2222806	2207146	1930799	1767771	2190208	2133228	2246798	2148799	1880860	2756099	2261880	3235543	2599770	2427967	1969379	1780898	2298463	2003596	1987841	1751230	1755998	1866816	1656764	1627376	1979206	2331890	2005214	2116278	2357053	1853855	1821728	2062628	2126459	2456993	1828041	1781277	2981879	2910996	1761429	1869372	1990081	1886307	1890233	2214822	2121596	2522614	1972461	1981037	1842950	1968313	1824538	2047012	2056738	1979209	2052556	2280226	2544038	2375939	2208643
ReadPairs_UniqueGene_UTR	1521668	1349218	1027138	975930	945826	1199055	918334	852041	1237592	1202627	1549824	1308462	1549314	1678056	1332977	1291220	1323295	1291078	1177546	1604668	1068079	1255058	1189222	1237652	1149448	929770	1049002	1120095	881266	1028289	1321887	1309087	1216742	1075960	1035989	956271	951219	1067495	1059989	867180	919617	910108	1114204	1017292	1021481	730275	661117	856216	752460	731234	648720	663732	722549	620590	634344	1301003	1369100	1444374	1140185	1086252	731031	691108	758735	838133	930703	686121	693415	1144194	1109824	670621	731956	873479	661791	683441	799179	922096	1013638	826968	829252	777334	793978	699055	821242	828836	861411	980893	1099541	1191261	1072252	1147549
ReadPairs_NoGene	775475	762558	539444	511424	533715	788814	541168	629393	723554	687704	821076	701179	914063	861037	664789	801720	688646	680529	641780	734595	584288	605696	648560	618504	594654	592406	731713	658946	539498	595281	705704	671445	637406	568939	515786	554494	522630	548099	741673	485976	662572	485200	668804	872482	482055	503853	454156	596137	524442	506191	436612	480506	509693	427886	443042	634301	717610	813400	571520	595381	445786	417985	452609	497276	579178	372831	371212	616071	606859	357788	396660	444290	368975	388366	440852	578494	618754	489479	482997	458383	533101	468586	541101	565273	559013	719168	610801	715893	638936	639309
ReadPairs_NoGene_Intron	177584	214093	169714	128529	157319	290303	172779	261509	232677	223409	145741	116240	138482	105382	71790	113741	92257	83124	99885	97227	150926	136255	166981	154990	143153	153323	197055	179714	166305	159829	162852	160063	169102	157866	126730	175640	147162	167890	245795	142189	213377	115665	194717	261922	128802	109604	102730	133846	118977	114808	97187	115759	122313	101464	107020	126261	157988	170910	125474	112711	103588	91979	99735	114396	116995	98215	104546	161348	160651	92113	91831	110270	84800	92661	100372	158623	153978	119321	115653	116684	109140	99764	117899	123213	120332	221677	169415	227174	174251	151447
ReadPairs_NoGene_OneKbFromGene	101041	89734	60917	63696	61792	80230	60709	59329	79774	75215	45243	40714	49831	55212	44134	48303	53165	51697	43573	55560	64816	70951	75923	74495	71629	62508	72311	80919	65456	74922	68440	66288	58000	57078	50674	52036	53856	60128	55644	49357	55435	60043	70233	64045	61780	73515	66297	85218	75058	72844	63064	66259	70834	60531	61076	61577	65431	66502	57965	56792	59301	55636	62615	65344	69799	52622	51999	87584	82824	49982	55483	54188	51954	52902	60975	75481	81096	63609	63486	58938	74493	67688	77405	78949	73297	44740	52985	56725	53749	57570
ReadPairs_NoGene_TenKbFromGene	132123	120761	80500	83254	80259	169566	129105	124445	168981	156115	72198	61718	75513	87039	66562	72687	74358	74585	63503	81232	144363	153287	166023	163115	156008	142983	165185	187256	150412	172402	114544	113134	97787	94813	86170	101145	104387	113816	109118	94859	72416	73732	89820	82365	77697	201886	180870	233881	205995	197751	176632	186975	198354	170603	171284	89136	96583	97924	80553	82957	162435	151279	163889	174912	191564	119110	115550	193542	185948	115577	136394	138425	122295	126342	146342	187379	205020	161258	160808	148939	211414	184431	214359	216842	208641	84512	97389	105203	98190	103424
ReadPairs_NoGene_MiddleOfNowhere	364727	337970	228313	235945	234345	248715	178575	184110	242122	232965	557894	482507	650237	613404	482303	566989	468866	471123	434819	500576	224183	245203	239633	225904	223864	233592	297162	211057	157325	188128	359868	331960	312517	259182	252212	225673	217225	206265	331116	199571	321344	235760	314034	464150	213776	118848	104259	143192	124412	120788	99729	111513	118192	95288	103662	357327	397608	478064	307528	342921	120462	119091	126370	142624	200820	102884	99117	173597	177436	100116	112952	141407	109926	116461	133163	157011	178660	145291	143050	133822	138054	116703	131438	146269	156743	368239	291012	326791	312746	326868
Genes_Total	32105	32105	32105	32105	32105	32105	32105	32105	32105	32105	32105	32105	32105	32105	32105	32105	32105	32105	32105	32105	32105	32105	32105	32105	32105	32105	32105	32105	32105	32105	32105	32105	32105	32105	32105	32105	32105	32105	32105	32105	32105	32105	32105	32105	32105	32105	32105	32105	32105	32105	32105	32105	32105	32105	32105	32105	32105	32105	32105	32105	32105	32105	32105	32105	32105	32105	32105	32105	32105	32105	32105	32105	32105	32105	32105	32105	32105	32105	32105	32105	32105	32105	32105	32105	32105	32105	32105	32105	32105	32105
Genes_WithZeroCounts	14959	14819	15718	15635	15705	12860	13502	13408	12948	13139	17770	18074	17968	17870	18256	17007	17167	17183	17002	16588	13273	13086	12887	12827	13002	12795	12439	12193	12600	12279	13926	14064	14190	14373	14777	14891	14859	14860	14831	15212	15889	16002	15530	15773	15885	10363	10492	10091	10334	10396	10621	10399	10360	10608	10637	14332	13851	14168	14231	14195	11730	11817	11573	11557	11449	12512	12567	11326	11543	12576	12262	12665	12137	12089	11885	11705	11585	12087	12066	12159	10743	10843	10587	10593	10870	15174	14913	14603	14639	14803
Genes_WithNonzeroCounts	17146	17286	16387	16470	16400	19245	18603	18697	19157	18966	14335	14031	14137	14235	13849	15098	14938	14922	15103	15517	18832	19019	19218	19278	19103	19310	19666	19912	19505	19826	18179	18041	17915	17732	17328	17214	17246	17245	17274	16893	16216	16103	16575	16332	16220	21742	21613	22014	21771	21709	21484	21706	21745	21497	21468	17773	18254	17937	17874	17910	20375	20288	20532	20548	20656	19593	19538	20779	20562	19529	19843	19440	19968	20016	20220	20400	20520	20018	20039	19946	21362	21262	21518	21512	21235	16931	17192	17502	17466	17302
InsertSizeCalc_Kept	5745411	5717789	3939891	3911014	3860258	4500131	3322403	3339362	4436011	4214464	4944165	4140956	4718884	4979564	3837860	4250070	4191284	4283233	4020573	5025708	3517188	4103772	4043422	4294916	4013770	3540093	4012222	4208907	3445241	3943951	4295856	4221510	4077825	3590563	3334084	3718322	3624230	3881855	3967128	3248890	4353753	3670365	5037277	4505447	3946676	3232416	2921492	3785236	3310413	3255886	2863472	2927845	3128385	2731360	2731233	3929857	4437450	4279214	3842905	4054682	3058690	2960132	3304459	3495865	4004683	2908609	2866991	4778716	4662829	2809785	3024323	3333640	2942019	2987321	3483195	3652758	4189407	3317343	3320578	3105498	3323983	3018862	3440560	3480548	3431468	3769624	4008386	4469816	4104771	4012408
InsertSizeCalc_lt_readLen	60229	47121	13798	12021	14352	19393	10831	9816	15976	15271	21958	13419	18991	40097	35256	17886	16269	16744	14757	25311	14769	15629	15909	15778	11869	10991	18536	15329	11204	13543	26259	25840	15547	12431	13637	12320	8773	11473	15741	11782	14113	12019	22998	21971	14010	9037	8147	13059	11003	11363	8007	9502	9712	7093	8208	11840	15410	14311	12546	18024	10584	8444	10386	12122	15252	9909	10584	23974	24791	9275	10127	10261	8942	8235	10347	12905	16330	11736	11102	12068	10855	9690	9621	10282	10023	12961	14449	14913	12902	13527
InsertSizeCalc_eq_readLen	33670	26268	7838	6900	8169	10698	6248	5689	9033	8517	12181	7512	10427	22047	18811	9819	9187	9413	8164	13943	7926	8584	8832	8956	6818	6149	10219	8690	6223	7705	14464	14652	8541	6994	7481	7045	5051	6409	8777	6640	7960	6685	13117	12577	8218	5208	4596	7476	6191	6528	4520	5493	5491	3904	4762	6642	8659	7935	7024	10088	6151	5001	5795	7017	8592	5666	6073	13695	14246	5342	5658	6010	5038	4850	5794	7371	9179	6592	6175	6871	6235	5458	5437	5928	5782	7246	8139	8451	7322	7716
InsertSizeCalc_readLen_to_2xreadLen	4628130	4481765	2466250	2321259	2372081	3039651	1872605	1932117	2669656	2510465	3488694	2646871	3247063	3926481	3021800	2689774	2683539	2799791	2481589	3563885	2082952	2488581	2365930	2613282	2332021	2061478	2528993	2470573	1969702	2247966	3098189	3078606	2479643	2129620	1980801	2205766	2053851	2364918	2472768	1872326	2627438	2139116	3377009	3124124	2404195	1798355	1646149	2200313	1939749	1878391	1567892	1685710	1795497	1502819	1563551	2293095	2704101	2659247	2315516	2602455	1767193	1700263	1888076	2041162	2513096	1623762	1651868	3373077	3265006	1603013	1755283	1993529	1677545	1697921	2032816	2347323	2562329	1969920	1920795	1827704	1928583	1694421	1916973	2001663	1988288	2294993	2450753	2633002	2393081	2362103
InsertSizeCalc_ge_2xreadLen	1023382	1162635	1452005	1570834	1465656	1430389	1432719	1391740	1741346	1680211	1421332	1473154	1442403	990939	761993	1532591	1482289	1457285	1516063	1422569	1411541	1590978	1652751	1656900	1663062	1461475	1454474	1714315	1458112	1674737	1156944	1102412	1574094	1441518	1332165	1493191	1556555	1499055	1469842	1358142	1704242	1512545	1624153	1346775	1520253	1419816	1262600	1564388	1353470	1359604	1283053	1227140	1317685	1217544	1154712	1618280	1709280	1597721	1507819	1424115	1274762	1246424	1400202	1435564	1467743	1269272	1198466	1367970	1358786	1192155	1253255	1323840	1250494	1276315	1434238	1285159	1601569	1329095	1382506	1258855	1378310	1309293	1508529	1462675	1427375	1454424	1535045	1813450	1691466	1629062
InsertSizeCalc_Dropped	7767	8221	5820	6105	6064	12055	10439	9272	11515	10859	7724	6530	7105	7296	5478	7304	6740	7451	6903	8247	10269	12291	12994	12899	12585	12132	11685	13951	12656	13226	8745	9481	11109	8250	8376	12990	11630	10757	14505	10881	6702	5988	7545	6480	6024	16943	15770	18542	15628	15698	17284	16503	16229	16927	15263	6557	7367	6678	6642	7438	16217	15154	17655	17022	18959	12616	12757	17055	17407	12093	14615	15633	14338	15987	17434	14728	16973	14619	14294	13661	15218	14395	15042	14948	14821	10884	11727	13932	13214	12484
InsertSizeCalc_Dropped_FwdReadAppearsAfterRevReadEnds	71	73	59	76	64	79	82	75	80	128	58	69	62	68	68	63	93	63	89	103	85	85	97	67	78	86	67	122	104	101	64	65	91	65	51	53	95	183	99	68	75	64	83	62	66	75	68	80	104	95	85	83	84	88	79	108	66	95	60	74	67	64	63	85	100	68	64	86	98	55	58	89	97	62	88	96	94	76	86	62	81	66	86	82	83	111	105	67	104	104
InsertSizeCalc_Dropped_ReadsOverlapButSpliceInconsistantlyOnOverlappingSections	7392	7835	5555	5742	5716	11680	10016	8882	11087	10400	7397	6202	6759	6982	5189	6974	6374	7105	6536	7828	9860	11861	12469	12484	12162	11754	11289	13445	12177	12757	8403	9149	10705	7871	8046	12657	11237	10082	14112	10517	6347	5599	7158	6123	5671	16471	15379	18054	15118	15260	16845	16065	15750	16493	14886	6110	6997	6274	6290	7042	15834	14814	17247	16584	18491	12210	12411	16609	16981	11717	14288	15242	13936	15642	17010	14304	16497	14220	13868	13312	14736	13999	14543	14473	14368	10504	11296	13561	12764	12035
InsertSizeCalc_Dropped_RevReadStartsBeforeFwdAndTooManyAdaptorBasesAlign	304	313	206	287	284	296	341	315	348	331	269	259	284	246	221	267	273	283	278	316	324	345	428	348	345	292	329	384	375	368	278	267	313	314	279	280	298	492	294	296	280	325	304	295	287	397	323	408	406	343	354	355	395	346	298	339	304	309	292	322	316	276	345	353	368	338	282	360	328	321	269	302	305	283	336	328	382	323	340	287	401	330	413	393	370	269	326	304	346	345
AggregateGenes	30992	30992	30992	30992	30992	30992	30992	30992	30992	30992	30992	30992	30992	30992	30992	30992	30992	30992	30992	30992	30992	30992	30992	30992	30992	30992	30992	30992	30992	30992	30992	30992	30992	30992	30992	30992	30992	30992	30992	30992	30992	30992	30992	30992	30992	30992	30992	30992	30992	30992	30992	30992	30992	30992	30992	30992	30992	30992	30992	30992	30992	30992	30992	30992	30992	30992	30992	30992	30992	30992	30992	30992	30992	30992	30992	30992	30992	30992	30992	30992	30992	30992	30992	30992	30992	30992	30992	30992	30992	30992
AggregateGenes_NoReads	14048	13920	14771	14710	14778	12020	12645	12551	12114	12299	16755	17057	16952	16855	17228	16021	16180	16201	16014	15620	12405	12215	12034	11983	12140	11947	11613	11351	11777	11459	13057	13198	13318	13498	13877	14011	13965	13973	13949	14306	14941	15062	14594	14827	14945	9598	9725	9349	9573	9635	9842	9639	9598	9838	9865	13439	12966	13274	13346	13309	10924	10995	10776	10767	10637	11667	11726	10551	10756	11743	11440	11826	11324	11268	11080	10904	10788	11272	11244	11329	9944	10051	9809	9813	10053	14273	14023	13707	13758	13914
AggregateGenes_WithReads	16944	17072	16221	16282	16214	18972	18347	18441	18878	18693	14237	13935	14040	14137	13764	14971	14812	14791	14978	15372	18587	18777	18958	19009	18852	19045	19379	19641	19215	19533	17935	17794	17674	17494	17115	16981	17027	17019	17043	16686	16051	15930	16398	16165	16047	21394	21267	21643	21419	21357	21150	21353	21394	21154	21127	17553	18026	17718	17646	17683	20068	19997	20216	20225	20355	19325	19266	20441	20236	19249	19552	19166	19668	19724	19912	20088	20204	19720	19748	19663	21048	20941	21183	21179	20939	16719	16969	17285	17234	17078
SpliceLoci	285296	284686	274852	275481	274465	274860	270603	270971	273666	272186	273392	271512	271579	274182	270618	272216	271502	272774	271659	275621	269913	270869	271063	272310	271577	270070	272239	272458	271129	272401	274962	275439	274514	272657	270984	271683	271827	271427	271703	270283	277539	274072	279182	277908	275311	273481	272306	275306	273433	273397	271593	272406	272817	271733	271133	273019	275788	273415	274058	276378	270218	270027	271166	271020	271952	269710	269527	276017	274587	269205	269801	269113	270291	270454	271778	272189	273360	270803	270537	270036	272284	271990	272820	273126	271368	271706	272617	273635	273364	271480
SpliceLoci_Known	258415	258415	258415	258415	258415	258415	258415	258415	258415	258415	258415	258415	258415	258415	258415	258415	258415	258415	258415	258415	258415	258415	258415	258415	258415	258415	258415	258415	258415	258415	258415	258415	258415	258415	258415	258415	258415	258415	258415	258415	258415	258415	258415	258415	258415	258415	258415	258415	258415	258415	258415	258415	258415	258415	258415	258415	258415	258415	258415	258415	258415	258415	258415	258415	258415	258415	258415	258415	258415	258415	258415	258415	258415	258415	258415	258415	258415	258415	258415	258415	258415	258415	258415	258415	258415	258415	258415	258415	258415	258415
SpliceLoci_Known_NoReads	141406	139215	147872	145560	145801	150813	158547	156549	151993	156484	170308	173458	173462	173945	180694	166681	165628	164312	163327	160494	162659	161690	155729	154130	156019	156046	149317	144404	146354	142477	166304	166163	163994	163652	170833	167456	167120	170653	171487	170739	143473	146946	141223	146250	145750	120215	124833	115254	121131	121625	129854	127558	124916	130746	132544	155301	150994	159006	151876	151851	142205	143430	135756	139289	139808	146133	148935	130466	135007	148669	146063	162161	140704	142590	137645	139694	135531	145812	144967	148073	129204	128090	126114	125399	138237	173829	170124	165767	166793	170999
SpliceLoci_Known_FewReads	27468	26848	29309	29258	28924	40805	41697	41701	40451	40598	30641	30793	30723	30626	30947	32897	32674	32279	32782	32314	43150	41775	42969	42241	42513	44818	45975	45641	47068	46039	36338	36273	36090	37018	36143	33813	34448	33692	34206	34472	27497	29624	26872	28974	29281	66887	67017	64291	65721	66081	67774	68182	67384	68111	68289	36214	35155	35990	35146	34384	57831	57098	57923	56578	54750	50613	50188	47718	47735	50490	52441	46557	54184	53416	52805	52771	50925	52173	52335	52740	63216	64376	62570	63081	59897	33493	34006	34223	34154	33809
SpliceLoci_Known_ManyReads	89541	92352	81234	83597	83690	66797	58171	60165	65971	61333	57466	54164	54230	53844	46774	58837	60113	61824	62306	65607	52606	54950	59717	62044	59883	57551	63123	68370	64993	69899	55773	55979	58331	57745	51439	57146	56847	54070	52722	53204	87445	81845	90320	83191	83384	71313	66565	78870	71563	70709	60787	62675	66115	59558	57582	66900	72266	63419	71393	72180	58379	57887	64736	62548	63857	61669	59292	80231	75673	59256	59911	49697	63527	62409	67965	65950	71959	60430	61113	57602	65995	65949	69731	69935	60281	51093	54285	58425	57468	53607
SpliceLoci_Novel	26881	26271	16437	17066	16050	16445	12188	12556	15251	13771	14977	13097	13164	15767	12203	13801	13087	14359	13244	17206	11498	12454	12648	13895	13162	11655	13824	14043	12714	13986	16547	17024	16099	14242	12569	13268	13412	13012	13288	11868	19124	15657	20767	19493	16896	15066	13891	16891	15018	14982	13178	13991	14402	13318	12718	14604	17373	15000	15643	17963	11803	11612	12751	12605	13537	11295	11112	17602	16172	10790	11386	10698	11876	12039	13363	13774	14945	12388	12122	11621	13869	13575	14405	14711	12953	13291	14202	15220	14949	13065
SpliceLoci_Novel_FewReads	22210	21508	13341	13667	12785	13667	10180	10466	12626	11374	12089	10652	10659	12862	10076	11215	10541	11659	10644	14026	9579	10245	10436	11412	10860	9653	11407	11453	10470	11409	13910	14336	13535	11935	10546	11042	11164	10755	11071	9909	15383	12392	16533	15892	13498	12127	11298	13550	12165	12142	10675	11355	11589	10828	10459	12012	14403	12452	12878	14818	9652	9506	10337	10221	10955	9296	9174	14232	13139	8865	9328	8707	9684	9882	10881	11267	12060	10116	9879	9472	11320	11134	11797	12081	10776	11068	11799	12526	12401	10822
SpliceLoci_Novel_ManyReads	4671	4763	3096	3399	3265	2778	2008	2090	2625	2397	2888	2445	2505	2905	2127	2586	2546	2700	2600	3180	1919	2209	2212	2483	2302	2002	2417	2590	2244	2577	2637	2688	2564	2307	2023	2226	2248	2257	2217	1959	3741	3265	4234	3601	3398	2939	2593	3341	2853	2840	2503	2636	2813	2490	2259	2592	2970	2548	2765	3145	2151	2106	2414	2384	2582	1999	1938	3370	3033	1925	2058	1991	2192	2157	2482	2507	2885	2272	2243	2149	2549	2441	2608	2630	2177	2223	2403	2694	2548	2243
SpliceEvents	2925400	3136953	2222514	2304786	2243757	2359720	1805834	1799680	2374456	2250480	2360821	2023604	2079089	2109869	1575812	2026970	2014475	2143713	2107751	2443511	1776403	2182018	2132601	2363462	2234638	2004280	2146604	2359614	1981635	2269874	1913498	1905780	2008476	1781227	1605758	2075058	2031020	2026036	1991265	1774351	2682870	2183119	3052233	2401419	2319374	1964068	1769938	2269854	1977297	1959006	1759771	1736712	1848485	1652917	1612057	1791283	2102317	1792442	1967924	2176485	1865930	1840576	2089006	2145084	2442771	1799104	1744099	2817934	2759017	1754355	1884047	2033215	1892001	1891421	2227901	2055514	2478350	1948231	1969932	1811555	1949309	1814660	2027992	2037048	1967078	1897493	2119254	2384111	2234674	2040795
SpliceEvents_KnownLoci	2834929	3042890	2166596	2244485	2186545	2298791	1763347	1757424	2318343	2199316	2294994	1968675	2021612	2045425	1530227	1972405	1961144	2085719	2053875	2375395	1732882	2130953	2081423	2307051	2182555	1958858	2094589	2304396	1933654	2216568	1856971	1846171	1949133	1732961	1562173	2021522	1979686	1974379	1935220	1729867	2611355	2126373	2970850	2333065	2258781	1903909	1715616	2199780	1918216	1900455	1703934	1679640	1789836	1598069	1560667	1740606	2041779	1740899	1913349	2113392	1814959	1791472	2032438	2089234	2378349	1756676	1701585	2744362	2688553	1713213	1837383	1983325	1844309	1841403	2171063	1999587	2413844	1896689	1919789	1763775	1894734	1763217	1972770	1980639	1914796	1846406	2063291	2320920	2174206	1987604
SpliceEvents_KnownLociWithFewReads	49899	48863	53605	53384	52761	72855	73698	74325	72089	72380	54251	54368	54362	54006	54191	58707	58394	57715	58820	57838	75470	72867	75699	74532	74645	78813	81592	81816	84073	82207	63672	63822	63099	65170	63094	59182	60599	58872	59759	60315	50185	53787	49262	52936	53387	122370	122038	119635	120364	121103	121837	123510	122834	122428	122082	65094	63455	64134	63255	61833	102965	101713	104056	101244	97967	90018	89183	87069	85766	89266	93089	80708	97437	95673	95425	95105	92484	93008	93236	93586	114317	116502	113055	115005	106199	58132	59332	59734	59726	58803
SpliceEvents_KnownLociWithManyReads	2785030	2994027	2112991	2191101	2133784	2225936	1689649	1683099	2246254	2126936	2240743	1914307	1967250	1991419	1476036	1913698	1902750	2028004	1995055	2317557	1657412	2058086	2005724	2232519	2107910	1880045	2012997	2222580	1849581	2134361	1793299	1782349	1886034	1667791	1499079	1962340	1919087	1915507	1875461	1669552	2561170	2072586	2921588	2280129	2205394	1781539	1593578	2080145	1797852	1779352	1582097	1556130	1667002	1475641	1438585	1675512	1978324	1676765	1850094	2051559	1711994	1689759	1928382	1987990	2280382	1666658	1612402	2657293	2602787	1623947	1744294	1902617	1746872	1745730	2075638	1904482	2321360	1803681	1826553	1670189	1780417	1646715	1859715	1865634	1808597	1788274	2003959	2261186	2114480	1928801
SpliceEvents_NovelLoci	90471	94063	55918	60301	57212	60929	42487	42256	56113	51164	65827	54929	57477	64444	45585	54565	53331	57994	53876	68116	43521	51065	51178	56411	52083	45422	52015	55218	47981	53306	56527	59609	59343	48266	43585	53536	51334	51657	56045	44484	71515	56746	81383	68354	60593	60159	54322	70074	59081	58551	55837	57072	58649	54848	51390	50677	60538	51543	54575	63093	50971	49104	56568	55850	64422	42428	42514	73572	70464	41142	46664	49890	47692	50018	56838	55927	64506	51542	50143	47780	54575	51443	55222	56409	52282	51087	55963	63191	60468	53191
SpliceEvents_NovelLociWithFewReads	29878	28963	17838	18377	17103	18091	13542	13923	16842	15068	16357	14323	14529	17587	13614	15166	14240	15752	14325	19113	12790	13489	14014	15273	14545	13001	15184	15290	14093	15330	18350	19043	18078	15802	14088	14753	14888	14343	14665	13222	20568	16529	22201	21241	18027	16997	16080	19084	17152	17069	14980	15965	16314	15214	14801	15981	19011	16576	17145	19631	13327	12958	14315	14017	14978	12663	12432	19170	17835	12017	12695	11619	13355	13550	14817	15285	16217	13734	13373	12774	15660	15467	16400	16783	14877	14817	15692	16771	16649	14444
SpliceEvents_NovelLociWithManyReads	60593	65100	38080	41924	40109	42838	28945	28333	39271	36096	49470	40606	42948	46857	31971	39399	39091	42242	39551	49003	30731	37576	37164	41138	37538	32421	36831	39928	33888	37976	38177	40566	41265	32464	29497	38783	36446	37314	41380	31262	50947	40217	59182	47113	42566	43162	38242	50990	41929	41482	40857	41107	42335	39634	36589	34696	41527	34967	37430	43462	37644	36146	42253	41833	49444	29765	30082	54402	52629	29125	33969	38271	34337	36468	42021	40642	48289	37808	36770	35006	38915	35976	38822	39626	37405	36270	40271	46420	43819	38747
StrandTest_frFirstStrand	4898563	4883610	3345705	3344771	3273776	3652459	2734849	2665124	3649887	3466443	4069668	3394745	3755377	4067400	3134308	3404611	3456609	3556410	3335726	4238154	2882146	3441511	3337609	3616915	3361764	2901907	3225756	3491638	2858985	3293460	3523063	3485686	3375481	2963375	2763768	3110038	3045285	3274512	3171965	2713605	3637594	3135797	4304712	3577719	3411837	2682055	2426384	3134175	2736995	2702601	2385870	2405086	2572074	2263941	2248094	3240311	3658638	3407143	3218302	3404181	2570050	2500366	2805977	2948618	3369432	2493434	2454935	4096382	3992357	2411652	2585745	2840561	2532339	2558736	2994794	3020328	3508386	2777785	2788526	2600928	2744033	2507482	2847869	2862751	2821211	2997208	3338131	3688163	3404079	3311584
StrandTest_frSecondStrand	49098	43146	19048	19579	17370	32478	18746	19880	28095	24196	32663	25703	29990	41548	30247	24962	22787	25652	19321	34320	22105	25328	23233	26420	23713	19599	26617	24609	20055	23074	29598	29031	23440	19154	17405	19765	19796	23511	24500	16955	23317	17561	27628	29353	20645	17249	15079	21583	18302	17742	15077	15527	16727	14673	14177	20493	25809	23187	19876	25356	15856	15077	16738	18137	22270	14451	15320	30643	28752	14620	15753	19246	14824	15905	18509	21090	23106	18875	17638	16496	17876	15607	18376	19666	19626	21406	22401	23401	21786	19518
StrandTest_ambig_genesFountOnBothStrands	61879	62678	45247	44135	43352	50451	38698	36841	51335	49914	50340	41298	45630	48347	36448	38977	40016	41221	38110	48164	43161	50605	49395	52399	49828	42573	48556	51505	41736	48164	56992	53752	53630	47490	44324	48892	49377	51223	50924	43882	44409	39404	53905	46569	42983	44806	39939	52251	45950	44557	42121	41355	44150	40124	39410	43180	48388	46494	42215	45891	44433	42952	47934	51071	59058	40107	39912	63616	62900	39041	42697	51480	41239	42008	49130	50442	58847	48139	46806	44444	44683	40604	47659	48068	48895	48218	53094	58823	55295	54881
StrandTest_ambig_noGenes	743585	736511	535644	508550	531753	776698	540436	626694	718096	684637	799182	685695	894949	829529	642314	788755	678538	667340	634269	713263	579930	598474	646049	611957	590940	588053	722872	654981	537006	592345	694880	662473	636295	568719	516888	552533	521309	543259	734172	485237	655063	483505	658481	858215	477149	505178	455746	595671	524688	506605	437602	482308	511598	429473	444745	632360	711888	808974	569088	586618	444508	416815	451391	494979	572811	373147	369492	605043	596117	356472	394651	437915	367894	386591	438124	575539	615944	487073	481820	457199	532526	469476	541603	564923	556453	713612	606422	713269	636737	638830
StrandTest_ambig_other	53	65	67	84	71	100	113	95	113	133	36	45	43	36	21	69	74	61	50	54	115	145	130	124	110	93	106	125	115	134	68	49	88	75	75	84	93	107	72	92	72	86	96	71	86	71	114	98	106	79	86	72	65	76	70	70	94	94	66	74	60	76	74	82	71	86	89	87	110	93	92	71	61	68	72	87	97	90	82	92	83	88	95	88	104	64	65	92	88	79
StrandTest_STRANDEDNESS_MATCHES_INFERRED	1	1	1	1	1	1	1	1	1	1	1	1	1	1	1	1	1	1	1	1	1	1	1	1	1	1	1	1	1	1	1	1	1	1	1	1	1	1	1	1	1	1	1	1	1	1	1	1	1	1	1	1	1	1	1	1	1	1	1	1	1	1	1	1	1	1	1	1	1	1	1	1	1	1	1	1	1	1	1	1	1	1	1	1	1	1	1	1	1	1
NumberOfChromosomesCovered	576	602	528	539	534	727	687	667	723	718	452	431	453	461	440	484	483	478	482	500	678	682	713	709	701	678	718	726	718	722	664	652	669	642	623	608	638	635	651	610	517	507	525	535	511	764	742	789	774	771	738	759	766	726	766	653	675	669	645	647	725	701	705	738	737	714	682	758	743	674	705	687	686	702	691	751	743	702	719	713	765	736	755	774	745	624	630	641	621	618
READ_LENGTH	100	100	100	100	100	100	100	100	100	100	100	100	100	100	100	100	100	100	100	100	100	100	100	100	100	100	100	100	100	100	100	100	100	100	100	100	100	100	100	100	100	100	100	100	100	100	100	100	100	100	100	100	100	100	100	100	100	100	100	100	100	100	100	100	100	100	100	100	100	100	100	100	100	100	100	100	100	100	100	100	100	100	100	100	100	100	100	100	100	100
COMPLETED_WITHOUT_WARNING	1	1	1	1	1	1	1	1	1	1	1	1	1	1	1	1	1	1	1	1	1	1	1	1	1	1	1	1	1	1	1	1	1	1	1	1	1	1	1	1	1	1	1	1	1	1	1	1	1	1	1	1	1	1	1	1	1	1	1	1	1	1	1	1	1	1	1	1	1	1	1	1	1	1	1	1	1	1	1	1	1	1	1	1	1	1	1	1	1	1
COMPLETED_WITHOUT_ERROR	1	1	1	1	1	1	1	1	1	1	1	1	1	1	1	1	1	1	1	1	1	1	1	1	1	1	1	1	1	1	1	1	1	1	1	1	1	1	1	1	1	1	1	1	1	1	1	1	1	1	1	1	1	1	1	1	1	1	1	1	1	1	1	1	1	1	1	1	1	1	1	1	1	1	1	1	1	1	1	1	1	1	1	1	1	1	1	1	1	1
SpliceLoci_Known_Covered	117009	119200	110543	112855	112614	107602	99868	101866	106422	101931	88107	84957	84953	84470	77721	91734	92787	94103	95088	97921	95756	96725	102686	104285	102396	102369	109098	114011	112061	115938	92111	92252	94421	94763	87582	90959	91295	87762	86928	87676	114942	111469	117192	112165	112665	138200	133582	143161	137284	136790	128561	130857	133499	127669	125871	103114	107421	99409	106539	106564	116210	114985	122659	119126	118607	112282	109480	127949	123408	109746	112352	96254	117711	115825	120770	118721	122884	112603	113448	110342	129211	130325	132301	133016	120178	84586	88291	92648	91622	87416
SpliceLoci_Novel_Covered	26881	26271	16437	17066	16050	16445	12188	12556	15251	13771	14977	13097	13164	15767	12203	13801	13087	14359	13244	17206	11498	12454	12648	13895	13162	11655	13824	14043	12714	13986	16547	17024	16099	14242	12569	13268	13412	13012	13288	11868	19124	15657	20767	19493	16896	15066	13891	16891	15018	14982	13178	13991	14402	13318	12718	14604	17373	15000	15643	17963	11803	11612	12751	12605	13537	11295	11112	17602	16172	10790	11386	10698	11876	12039	13363	13774	14945	12388	12122	11621	13869	13575	14405	14711	12953	13291	14202	15220	14949	13065
SpliceLoci_Covered	143890	145471	126980	129921	128664	124047	112056	114422	121673	115702	103084	98054	98117	100237	89924	105535	105874	108462	108332	115127	107254	109179	115334	118180	115558	114024	122922	128054	124775	129924	108658	109276	110520	109005	100151	104227	104707	100774	100216	99544	134066	127126	137959	131658	129561	153266	147473	160052	152302	151772	141739	144848	147901	140987	138589	117718	124794	114409	122182	124527	128013	126597	135410	131731	132144	123577	120592	145551	139580	120536	123738	106952	129587	127864	134133	132495	137829	124991	125570	121963	143080	143900	146706	147727	133131	97877	102493	107868	106571	100481
InsertSize_Mean	159.637692238205	164.060676076015	184.772120091647	188.63374971299	185.730361027683	182.484104573845	190.379070209123	189.302176583431	186.484407500342	187.3977241234	175.700518489978	183.858822214001	178.129752924632	163.541537773187	162.714738421933	183.51012877435	183.003686936986	181.633267207271	185.67820681281	175.015768723531	187.036523211156	185.834478621132	187.827371469018	185.861121614486	189.325040049629	190.041254283433	183.425834612342	188.014541542495	189.651980804826	189.74316973005	172.671931507946	171.686485641394	185.964433736122	187.600256561436	187.266079078991	187.48435127458	191.025319033284	186.551892587436	184.572909671682	189.074381711908	187.785085419407	189.696474056395	179.938825480513	177.380118998182	186.551135183126	194.284053166424	192.77110394278	189.857174823446	190.535747654447	191.487631630837	195.309260226746	191.317390777176	191.88134133107	194.812703927714	192.444752241936	189.328051122471	186.407414168047	185.353873631933	187.441211531381	183.043089199104	190.88049230226	191.276565369382	191.678285310848	192.011757605056	185.346692609627	191.772846401837	189.346002481347	175.329009089471	175.672077401938	190.500943666508	189.727286404263	188.935518232323	191.380346965808	191.012803779708	190.267092712294	184.069830796346	186.723945656271	189.121348922918	190.849505116278	188.679014444704	190.87043585963	192.149917750464	193.387810414584	190.867418291602	192.409626725355	186.007592003871	185.84196182703	188.915346179798	189.211379879657	188.355648279038
InsertSize_Median	151	156	182	187	183	174	190	188	185	186	171	181	174	156	155	181	180	178	183	169	186	184	187	184	188	188	181	187	189	189	167	165	184	186	186	186	190	184	182	188	185	188	176	172	184	191	190	188	187	188	192	188	189	192	189	188	184	183	185	180	188	189	189	187	181	191	188	169	170	189	188	186	189	190	188	179	183	186	188	187	188	190	191	189	188	184	184	187	188	187
GC_byPair_Mean	94.1052333162645	95.834135287923	95.1137792402941	94.9460001087534	95.3364634399308	93.9928340719997	92.7005678637031	94.5169839403172	93.0891086415234	92.5665857971095	95.751389217327	94.9787589397529	94.2608854993103	93.5992199500287	92.7064392983391	94.6351382330986	93.522008687897	94.2627236123658	95.2911232742293	94.4795211717228	91.8295888511185	92.1741472372993	91.955374892516	92.6344652683553	92.3524612211293	93.1812818726291	92.9530513503418	92.4839227366869	93.1301898234678	92.7635769135422	92.5773731409717	92.4334185537147	93.208959841367	93.0222651190823	92.5818905835822	94.7558121647292	94.2187449461751	92.603895019591	95.2654137134186	93.8605368291208	97.5218806294297	94.8490400676975	96.5684277859556	96.6075625780293	95.0272231639133	92.2637578673209	92.078571472344	92.2319743686409	92.130773493171	92.3296134227334	92.4176483534183	92.2906208776952	92.1438198774158	92.3485425648777	92.0314054708254	92.6765888953753	93.8100850946169	92.661089920138	93.6003532363678	94.8473501521373	92.832381597232	93.0151982027946	93.3960535369948	92.9443540313138	93.666776765925	92.9373478592029	92.9954173073477	93.1550807993126	93.4796580770713	93.277622561996	93.0972083010578	93.2116342860077	93.7714775312995	93.5857571051654	93.5990400582295	92.2857115200985	93.0368934808553	92.7153707035074	92.6751992280363	92.8883304762598	92.0430830608879	92.3027158595529	91.8845726446506	91.90154415854	91.5824705937314	95.3868620301822	94.3338751920655	94.7500492891215	94.657218275443	93.475132003542
GC_byPair_Median	95	96	96	96	96	95	94	95	94	94	96	96	95	94	94	95	94	95	96	95	93	93	93	94	94	95	94	94	95	94	93	93	94	94	93	96	95	94	96	95	98	96	97	97	96	94	94	94	94	94	95	95	94	95	94	93	94	93	94	96	95	95	96	95	96	95	95	95	95	95	95	95	96	96	96	94	95	95	95	95	94	94	94	94	93	96	95	95	96	94
GC_byRead_Mean	47.0526166581323	47.9170676439615	47.556889620147	47.4730000543767	47.6682317199654	46.9964170359998	46.3502839318516	47.2584919701586	46.5445543207617	46.2832928985547	47.8756946086635	47.4893794698765	47.1304427496552	46.7996099750143	46.3532196491696	47.3175691165493	46.7610043439485	47.1313618061829	47.6455616371147	47.2397605858614	45.9147944255593	46.0870736186497	45.977687446258	46.3172326341776	46.1762306105646	46.5906409363146	46.4765256751709	46.2419613683434	46.5650949117339	46.3817884567711	46.2886865704859	46.2167092768574	46.6044799206835	46.5111325595412	46.2909452917911	47.3779060823646	47.1093724730875	46.3019475097955	47.6327068567093	46.9302684145604	48.7609403147149	47.4245200338488	48.2842138929778	48.3037812890147	47.5136115819566	46.1318789336605	46.039285736172	46.1159871843204	46.0653867465855	46.1648067113667	46.2088241767092	46.1453104388476	46.0719099387079	46.1742712824388	46.0157027354127	46.3382944476877	46.9050425473085	46.330544960069	46.8001766181839	47.4236750760687	46.416190798616	46.5075991013973	46.6980267684974	46.4721770156569	46.8333883829625	46.4686739296015	46.4977086536739	46.5775403996563	46.7398290385357	46.638811280998	46.5486041505289	46.6058171430039	46.8857387656497	46.7928785525827	46.7995200291148	46.1428557600493	46.5184467404276	46.3576853517537	46.3375996140182	46.4441652381299	46.021541530444	46.1513579297765	45.9422863223253	45.95077207927	45.7912352968657	47.6934310150911	47.1669375960327	47.3750246445608	47.3286091377215	46.737566001771
GC_byRead_Median	47	48	48	48	48	47	47	48	47	47	48	48	48	47	47	48	47	48	48	48	47	47	47	47	47	47	47	47	47	47	47	47	47	47	47	48	48	47	48	48	49	48	49	48	48	47	47	47	47	47	47	47	47	47	47	47	47	47	47	48	47	48	48	48	48	47	47	48	48	48	48	48	48	48	48	47	47	47	47	47	47	47	47	47	47	48	48	48	48	47
GeneBodyCoverage_Overall_Mean	0.522110032095298	0.514968178474684	0.527040979858694	0.517908407884395	0.520312163505534	0.538876403876217	0.537049635339997	0.536211331890832	0.542568520147462	0.546844261644801	0.535208913827839	0.529597992872011	0.543587776143549	0.538343276019649	0.539502464308142	0.545348120694298	0.532542186973004	0.532418619322643	0.534605910243687	0.531090421468839	0.563870731877113	0.564527775052748	0.558209610404707	0.552731382939218	0.554974203792972	0.543024401501488	0.549115612359241	0.542011281833651	0.536540320185102	0.536885012744002	0.542565913929172	0.53344311289191	0.528274871892171	0.533427821238522	0.539803726099916	0.519530522376715	0.520773051133523	0.503536591964614	0.538328906985014	0.521190251549951	0.508299345378997	0.51306867777076	0.508710563996553	0.524076076834814	0.518843106251939	0.522364313292793	0.51783684943106	0.524411336705151	0.523939669926686	0.522480471033739	0.52332861174839	0.525365974309115	0.524111090217436	0.522509736083402	0.525596521396619	0.543422941468369	0.540689156160937	0.565839689673978	0.524368019709822	0.526258992351877	0.532450979630549	0.528428651730628	0.524995829258448	0.533924451853931	0.538484545898335	0.524700604934479	0.530519014230815	0.524435830415765	0.532116732871757	0.529452814570227	0.5325041894787	0.560203227764164	0.517339189595165	0.523360711994197	0.521922907817135	0.537853827221648	0.53715631752509	0.541117052045107	0.540264882342081	0.540701642261161	0.533762005753631	0.523998737363039	0.529443150549516	0.529129258426223	0.543441961266433	0.527588357850385	0.525459866550616	0.517461200738265	0.518035972820915	0.533775841228378
GeneBodyCoverage_Overall_Median	0.5375	0.5125	0.5375	0.5375	0.5375	0.5625	0.5375	0.5375	0.5625	0.5625	0.5375	0.5375	0.5625	0.5625	0.5625	0.5625	0.5375	0.5375	0.5375	0.5375	0.5875	0.5875	0.5875	0.5625	0.5625	0.5625	0.5625	0.5625	0.5375	0.5375	0.5625	0.5375	0.5375	0.5375	0.5625	0.5375	0.5375	0.5125	0.5625	0.5375	0.5125	0.5125	0.5125	0.5375	0.5375	0.5375	0.5375	0.5375	0.5375	0.5375	0.5375	0.5375	0.5375	0.5375	0.5375	0.5625	0.5625	0.5875	0.5375	0.5375	0.5375	0.5375	0.5375	0.5375	0.5625	0.5375	0.5375	0.5375	0.5375	0.5375	0.5375	0.5875	0.5125	0.5375	0.5375	0.5625	0.5375	0.5625	0.5625	0.5625	0.5375	0.5375	0.5375	0.5375	0.5625	0.5375	0.5375	0.5125	0.5125	0.5375
GeneBodyCoverage_LowExpress_Mean	0.502044851496064	0.493976977682785	0.505934490918338	0.498080943089571	0.501690968200884	0.540477111781755	0.544248070843029	0.540066209380775	0.547044333118187	0.554657182646491	0.509571065173851	0.507637006322281	0.519430578791951	0.517300104532706	0.527499886777285	0.522651857191638	0.515345395043541	0.51542381074698	0.512357361450657	0.508058297498846	0.569405902077477	0.573073887142148	0.567462622666034	0.55945676012047	0.560285489066574	0.557030053984369	0.557655921943725	0.551271526770906	0.543114438059329	0.541148526688693	0.536888465211192	0.531952757446127	0.531102670819609	0.530605886968552	0.537807803489165	0.5237369692017	0.5258944427922	0.52554561154749	0.5379244532411	0.528684739612279	0.488366530292497	0.497581100374257	0.489895991658443	0.499593804389354	0.497411122000488	0.521697327530313	0.518841286070881	0.522596462888987	0.524369484237222	0.521880946496973	0.523879716981132	0.523602925792563	0.525932591083097	0.523336880207051	0.525249924121709	0.531219255658242	0.526261667283439	0.544580182175239	0.515197022314052	0.517288610260397	0.536643905532902	0.533799791265613	0.528897776340102	0.53712473047459	0.542862005913477	0.533153734525489	0.537312926062738	0.527220653901125	0.536195499631312	0.535586146079415	0.541277126547628	0.572396756225876	0.522968595084448	0.529704595346976	0.527165666696052	0.546797312626674	0.543327022644777	0.550318973430604	0.549545411974389	0.550689415634557	0.533600831011167	0.52711844269496	0.530439529609342	0.528976101838202	0.547022861158323	0.531084817316158	0.528334910404858	0.523105242636914	0.523171540467634	0.537432078652214
GeneBodyCoverage_LowExpress_Median	0.5125	0.4875	0.5125	0.4875	0.5125	0.5625	0.5625	0.5625	0.5625	0.5875	0.5125	0.5125	0.5375	0.5375	0.5375	0.5375	0.5125	0.5125	0.5125	0.5125	0.5875	0.6125	0.5875	0.5875	0.5875	0.5875	0.5875	0.5625	0.5625	0.5625	0.5625	0.5375	0.5375	0.5375	0.5625	0.5375	0.5375	0.5375	0.5625	0.5375	0.4875	0.4875	0.4875	0.4875	0.4875	0.5375	0.5375	0.5375	0.5375	0.5375	0.5375	0.5375	0.5375	0.5375	0.5375	0.5375	0.5375	0.5625	0.5125	0.5125	0.5625	0.5375	0.5375	0.5625	0.5625	0.5375	0.5625	0.5375	0.5375	0.5375	0.5625	0.6125	0.5375	0.5375	0.5375	0.5625	0.5625	0.5625	0.5625	0.5625	0.5375	0.5375	0.5375	0.5375	0.5625	0.5375	0.5375	0.5375	0.5375	0.5625
GeneBodyCoverage_UMQuartile_Mean	0.501422688259135	0.493410660811496	0.504289592705031	0.498881949432715	0.50061253776166	0.535801597777453	0.538799334696809	0.533712141315275	0.541638552864072	0.551419415556935	0.512192344235409	0.513245073108709	0.526875259822614	0.524818982191091	0.53498726112506	0.529125703517728	0.522065169041149	0.516934314695055	0.514157602667168	0.510232213522977	0.574342025431006	0.57883258037239	0.564919034355897	0.559475882983647	0.561460484250219	0.550598054933396	0.5525125833929	0.544061759688823	0.536698264121576	0.537351488630858	0.535353542360834	0.526895762897222	0.521759513886871	0.526922873322402	0.532559335447941	0.512077578430285	0.514816153499659	0.512248806812451	0.531739203335176	0.518138850961034	0.487517191260962	0.498072194410565	0.489971571714035	0.50183559322719	0.499330673797139	0.524099612355186	0.519169580471297	0.525403414500486	0.524393572661362	0.523700131191211	0.525894507561721	0.52566761095926	0.524614553310542	0.523930791657449	0.529087516960651	0.529222380275012	0.521702317198552	0.546569657181748	0.508607991259284	0.506569974020375	0.535632801694612	0.531719391992307	0.525408606013978	0.5373357828794	0.541920332966102	0.525613117639468	0.532108490597319	0.521889655227475	0.529421646782166	0.530072029059402	0.534928267709476	0.575732869060282	0.516221728307064	0.523661711892531	0.521715892761873	0.541604131226318	0.538755390792253	0.5463120066383	0.545028302903699	0.543678549952055	0.534938027892001	0.52577914259583	0.532684643009496	0.530047307869111	0.550266938219084	0.520675910661458	0.521237143853806	0.514569233673084	0.513439151447548	0.528339043458774
GeneBodyCoverage_UMQuartile_Median	0.5125	0.4875	0.5125	0.4875	0.5125	0.5375	0.5625	0.5375	0.5625	0.5625	0.5125	0.5125	0.5375	0.5375	0.5625	0.5375	0.5375	0.5125	0.5125	0.5125	0.6125	0.6125	0.5875	0.5875	0.5875	0.5625	0.5625	0.5625	0.5375	0.5625	0.5375	0.5375	0.5375	0.5375	0.5375	0.5125	0.5125	0.5125	0.5375	0.5125	0.4875	0.4875	0.4875	0.5125	0.4875	0.5375	0.5375	0.5375	0.5375	0.5375	0.5375	0.5375	0.5375	0.5375	0.5375	0.5375	0.5375	0.5625	0.5125	0.5125	0.5375	0.5375	0.5375	0.5625	0.5625	0.5375	0.5375	0.5375	0.5375	0.5375	0.5375	0.6125	0.5125	0.5375	0.5375	0.5625	0.5625	0.5625	0.5625	0.5625	0.5375	0.5375	0.5375	0.5375	0.5625	0.5375	0.5375	0.5125	0.5125	0.5375
geneDiversityProfile_top1count	461465	396287	349425	301468	289958	271449	222535	185200	302699	275858	978685	801139	923438	971591	766370	697777	688735	673110	635091	931022	265572	315852	266477	301791	249231	171367	193274	200267	153767	189942	429467	449886	465418	364531	366840	273450	267530	376376	332578	234471	330601	281505	352261	325152	357771	108870	105756	121334	109136	110325	116083	113948	135943	113865	114193	592440	623137	642175	487394	434070	95684	85052	99883	111144	101476	97613	97824	164987	143800	100936	101455	114625	99339	98447	120258	130840	117472	106104	116512	112875	92755	89864	108757	103790	111800	344822	368657	406775	341381	355865
geneDiversityProfile_top10count	593046	522159	443771	385357	377956	538061	419867	377035	573347	531086	1156164	942849	1076720	1148632	901300	813722	814907	799320	743626	1075650	487570	578633	519374	583500	507186	388869	439477	464942	371318	436571	663889	664187	671461	537926	541666	514066	505910	614663	587209	447365	407326	348676	447157	405678	434285	336154	309846	386242	338218	341160	333890	333341	362490	318406	321857	732730	780168	788939	616096	568228	366903	336944	383875	406176	462088	296015	295956	485154	458853	290366	325917	370574	321074	319287	377612	394008	422738	353840	357298	346885	333064	309979	352130	349574	367877	573279	619656	679524	587537	607030
geneDiversityProfile_top100count	1006584	936764	734398	670996	653060	1131434	862303	802694	1171997	1124456	1666451	1367705	1545078	1656862	1293755	1218546	1230872	1229830	1132465	1568053	1027113	1264169	1125317	1261600	1133219	930312	1026679	1084775	862592	995274	1216785	1203427	1181508	976069	967719	1043982	1024743	1182021	1128792	911853	720745	623324	831859	730531	730189	855873	770707	984307	863550	865345	816542	805132	864603	765718	765340	1072840	1164299	1153870	962034	947110	903070	860268	971682	1035007	1207656	755014	759368	1233285	1222799	746567	833943	1012196	820763	829239	976918	978008	1121915	908356	922512	874400	879803	795843	910909	909135	946475	1086173	1186463	1296221	1158454	1174738
geneDiversityProfile_top1000count	2421487	2358898	1676828	1648957	1603041	2298504	1728116	1657651	2323238	2226972	2932950	2437215	2714176	2935835	2271974	2279341	2310428	2360914	2185337	2838597	1888262	2299295	2144451	2358527	2170358	1829543	2025782	2156552	1743279	2007287	2362828	2340012	2266488	1936043	1862025	2086947	2040247	2237575	2168365	1820246	1824240	1568835	2123254	1802526	1725490	1596131	1435002	1852679	1623592	1615238	1491138	1478498	1579685	1399208	1394145	1980373	2184530	2093219	1905817	1990008	1648281	1594766	1784710	1899928	2211980	1539247	1534444	2514599	2488895	1505617	1635339	1927897	1593485	1609187	1894561	1884191	2190199	1755655	1766804	1657492	1660872	1498404	1714310	1717967	1763779	2091629	2308385	2537394	2318190	2284158
geneDiversityProfile_top1pct	0.0932674207045529	0.0803287607478462	0.103230279818536	0.0890758646446811	0.0875545521222825	0.0735518337085678	0.0804340950780269	0.0687090162033817	0.0820045811101674	0.0786682929347171	0.238345152547376	0.233827886419642	0.243708802925441	0.236859952939616	0.242479564506867	0.203214849559847	0.197495629193916	0.187667388403549	0.188783581570466	0.217899595830376	0.0910418535004073	0.0907529154387014	0.0788912119150518	0.0825316702168011	0.0732818973298951	0.058518446934139	0.0593274317159292	0.0567886363178793	0.0532608673062575	0.0570935613364574	0.120279641547528	0.127378151036852	0.135932600599085	0.12123718595338	0.130838588181585	0.0869066661496867	0.0867351586848469	0.113561474498483	0.103645987207631	0.0853229938428844	0.0899419324017416	0.088747183154539	0.0809842503483536	0.0898939526057336	0.103718334063885	0.0403273901025835	0.0433068592944761	0.0384615994210504	0.0395986148322095	0.040574460064544	0.0483689243525907	0.0470912043905725	0.0525005165359075	0.0499988144135694	0.050489450506694	0.180610442810199	0.168370354959079	0.186159912430122	0.149669749049813	0.126062024711723	0.0370167194994286	0.0338470158816572	0.0354023923897776	0.0374904877298461	0.0299542816120455	0.0388252626521282	0.0395297677448345	0.0399864471617443	0.0357638491650957	0.0415024362163607	0.0390012332162649	0.0400288452136501	0.0389855492214193	0.0382515423476322	0.0398997876908468	0.0429872667799501	0.0332193520145058	0.0379020150180626	0.0414590812546325	0.0430773916109857	0.0335790110455415	0.0356095455962986	0.0379174926627837	0.0359685802547431	0.0393576050298878	0.113673247844285	0.109077637600462	0.108900251358727	0.0990029264620202	0.106032372403009
geneDiversityProfile_top10pct	0.119861464637951	0.10584345533246	0.131102824655796	0.113862857656137	0.114126074472611	0.145793033671392	0.151758699521989	0.139879610822041	0.155326183983995	0.151453389140526	0.281567700485635	0.275188686211598	0.284162166042421	0.280020009926952	0.285171433498231	0.236981720253803	0.233675609195884	0.222855546491249	0.221046085724596	0.251748831128527	0.167145920922362	0.166257081541488	0.153762029357761	0.159571456973546	0.149128930105646	0.132791085453044	0.134901961506573	0.131841102862216	0.12861484405903	0.131226338388658	0.185933566367956	0.188054111492053	0.196110678853981	0.178905592367064	0.193192712643022	0.163378176050118	0.16401967678485	0.185458256104696	0.183000248068741	0.162794209691271	0.110815416642635	0.109923492774878	0.102800691626433	0.112156772540808	0.125899854121587	0.124517438160594	0.126881284512994	0.122434643905133	0.122718116032475	0.125469139321277	0.139123731744411	0.137759584747059	0.139991851284002	0.13981401222647	0.142306297861804	0.223379059078248	0.210799813023002	0.228705283065688	0.189191770334869	0.165024010362138	0.141941656227779	0.134089132756774	0.136060124131492	0.137009072411988	0.136401849516604	0.117739031931912	0.119593064510654	0.117582505205313	0.114119259255575	0.119391459879525	0.125288698695436	0.129410244590649	0.12600535772172	0.12405883573444	0.125285957104858	0.129450680292224	0.11954408226563	0.12639720457279	0.12713923728129	0.13238450488573	0.120575276102337	0.122832406017928	0.12276806726322	0.121145394295901	0.129505882518605	0.188985870538783	0.183342816235557	0.181919573238983	0.170389923296012	0.180868674974495
geneDiversityProfile_top100pct	0.203442283602162	0.189885338739841	0.216962469881013	0.198261669142736	0.197195372464211	0.306573409444204	0.311674844352878	0.297798677388538	0.317507236718235	0.320668728114465	0.405841019130493	0.399191113396772	0.407768696768418	0.403919195780363	0.40934424491901	0.354879341210377	0.352954097145018	0.342884497749753	0.336630181664042	0.366992525354511	0.352108924413582	0.363230317861618	0.333153037292563	0.345013453500987	0.333202685100515	0.317683179399726	0.315149623160272	0.307603813717325	0.298779309288985	0.299163624504224	0.340781628484632	0.340731443449731	0.345077876379134	0.324624953313518	0.345150440836591	0.331793728799715	0.332229083527777	0.356643483240619	0.351781420274571	0.331819405831065	0.196082885620108	0.196508940134704	0.191243076896196	0.201968061371356	0.211682854764009	0.317030626887742	0.31560289351212	0.312014946687127	0.313328176205418	0.318249772440996	0.340232921519198	0.332736297024875	0.333905416965163	0.336231433496944	0.338388483101356	0.32706452546164	0.31459123099495	0.334495017955767	0.295422978857736	0.275058410451586	0.349365503933249	0.342349441029976	0.344401624321294	0.349122914721486	0.356482990209275	0.300304435434153	0.306853539753634	0.298900431475643	0.304116821941793	0.306970251433975	0.320583563472196	0.353474695833159	0.322108097883205	0.322200480713564	0.324126634330911	0.32132291966467	0.317261043613408	0.324479027687432	0.32826232462213	0.333704285489664	0.318504820817213	0.31536107446803	0.317583101078217	0.315062098563405	0.333193105730439	0.358065357288024	0.351048755727836	0.347019341691254	0.335959927973827	0.35002109533662
geneDiversityProfile_top1000pct	0.48941056582754	0.478156873858019	0.49538362637921	0.487223421845434	0.484047816541209	0.622802751111546	0.624618359583254	0.614986875910107	0.629391438390028	0.635080677933621	0.714279277973838	0.711348258167744	0.716310768983908	0.715714472384448	0.718852859703438	0.663816575224736	0.662518140601598	0.658237976891409	0.649600995445468	0.664355019564862	0.647323032452164	0.660650319464905	0.634870320074321	0.644993298545753	0.638154772580925	0.624752810980093	0.62183451098626	0.611521854467263	0.603826253336446	0.60335872768726	0.66175073958759	0.662537625007326	0.661963241788283	0.643896966800465	0.664117114160984	0.663264239170196	0.661462816511355	0.675128903811461	0.6757582613747	0.662379732463865	0.496295143585631	0.494590458728091	0.488132758066159	0.498339812809402	0.50022206451583	0.591235395350663	0.587630297111197	0.587279720060266	0.58909978607111	0.594039517115195	0.62132044417592	0.611017758179632	0.610066560720485	0.6144007475342	0.616409193003555	0.603733786475191	0.590255580263659	0.606802609471044	0.585241410696206	0.577935442837623	0.637661003231864	0.634647864007042	0.632570144288417	0.640873347833361	0.652945246562856	0.612230635893789	0.620054536079641	0.609441228984557	0.61900184539472	0.619073209843548	0.628655440605721	0.67325182639791	0.625362525303187	0.625248963155396	0.628586719115223	0.619047853725016	0.619356030056681	0.627147536158267	0.62869121289661	0.632561966565456	0.601266122939256	0.59375818525412	0.597684166046661	0.595364041954911	0.620913392146785	0.689521729226369	0.683001224640634	0.679301442802839	0.672291645097386	0.680580252858001
input.read.pair.count	8385880	8283622	6207507	6496296	6339883	7569861	6359796	6140346	7758527	7420624	7094252	6137070	6821005	6906128	5452336	6609555	6591552	6657009	6307244	7360928	6370885	7195697	7424824	7478182	7267711	6662608	7119178	7740397	6457338	7341718	6759837	6763210	6946148	6257047	5797207	6480892	6533312	6971005	6736402	5919019	7076224	6366830	7587281	6907490	6473809	6307721	5757614	7083131	6223356	6163102	5730524	5605982	5977494	5454766	5305676	6775530	7370082	7168926	6475660	6443146	5757705	5598449	6268337	6580611	6906674	5746536	5469700	7949283	7787972	5376094	5619649	6156441	5562682	5639688	6413621	6503054	7377488	6066425	6150140	5764439	6326491	5845797	6702361	6563825	6555335	6388244	6764870	7763938	7198420	7026212
total.aligned.rate	0.771173329453796	0.787001990192213	0.789420777133236	0.781020753980422	0.783335591524323	0.771194477679313	0.749809742325068	0.770985543811375	0.767631020682148	0.761863422806492	0.812603922161209	0.807570224879299	0.80552777779814	0.798187059376832	0.785644171599109	0.794055575602291	0.792526100074762	0.794277129563743	0.799581243408373	0.804807219959223	0.747952913920123	0.750965055921615	0.743139231313766	0.757112089542619	0.752935965670622	0.744877381349766	0.739817855376	0.75307132179396	0.754769225337128	0.753922991866481	0.768217931882085	0.759472351146867	0.771943960883068	0.76914189712815	0.764452778726031	0.781594879223416	0.774029925403838	0.747258250424437	0.782303372037476	0.768819799362023	0.80173225155111	0.779595811416356	0.797883062456762	0.790298212520033	0.787941380414529	0.739255588508116	0.736900910689741	0.744197163655451	0.739500520298051	0.738961808517854	0.735626619834417	0.734736037325842	0.738434200017599	0.734467619692577	0.733628099416549	0.773894145550237	0.778275465591835	0.766772875044323	0.781375797988159	0.783599812886438	0.747105139981989	0.747461127180046	0.747369836688742	0.742387447001502	0.763053533437368	0.735725661511561	0.742386419730515	0.754835373202841	0.751083208825096	0.740975325208227	0.75158163792792	0.739866913367642	0.753585051239672	0.75395500602161	0.757375279892591	0.752217804127107	0.762524723862648	0.75176846330417	0.748642632525439	0.746255793495256	0.734162270996671	0.739476242503802	0.735832492460493	0.738016019622705	0.725644074635392	0.785963873640393	0.783291179283564	0.783625783719551	0.778194242625465	0.767724344212785
aligned.and.pf.rate	0.686055369263572	0.691244723624521	0.635635368594832	0.602977296601017	0.609841222621932	0.59607250384122	0.524048570111368	0.545349398877523	0.573243606679464	0.569402654008612	0.698014251537724	0.675808814303894	0.69285816386295	0.722092031888201	0.704897497146177	0.644124150566869	0.636879448117833	0.644536307521892	0.638547676290944	0.683875049450287	0.553683985819866	0.572017276436181	0.546331603281101	0.576051104399438	0.554005931165948	0.533158336795441	0.565220731944053	0.545560905984538	0.535498838685539	0.538998773856473	0.636790650425447	0.625589180285693	0.588662090125347	0.575161573822284	0.576563852213661	0.575740499918838	0.556511000852248	0.558400402811359	0.591062261426797	0.550728254124543	0.616212121040826	0.577422830513772	0.664905122137957	0.653193417580047	0.61056790523168	0.51513993722931	0.510152643091392	0.537019292739327	0.534444920072064	0.530833985872698	0.502703766706151	0.525215385993034	0.526075643070491	0.503832245049558	0.517652416016357	0.580975067633085	0.60308921936011	0.597842968388849	0.594464039186739	0.630455991529604	0.534050806701629	0.531448263617298	0.529983311363125	0.533823834899221	0.582573030086551	0.508345375370484	0.52649103241494	0.603296045693681	0.600956962865301	0.524893723956464	0.540770073006339	0.544027466518399	0.531462521136387	0.532530877594647	0.545811640569345	0.56396363923781	0.570164261873418	0.54924638481478	0.542243266006953	0.541103652931361	0.527812495109848	0.518878264161414	0.515579808369021	0.532539487265428	0.525722789148076	0.591791421868044	0.594263156572114	0.577509506129492	0.572067898233223	0.572839532880591
multi.mapped.read.pair.count	263210	290212	223831	199266	215698	516399	387585	475654	470823	443730	173930	134784	154909	141207	99995	141059	142800	136582	141824	151762	294588	291012	335037	333714	323135	368780	371437	409964	360354	360133	296329	279457	310244	282795	238423	397136	381207	385117	454758	339454	278784	185371	267456	307927	198737	281101	253538	322489	269809	269027	273394	266193	283975	256437	245647	253159	291577	255839	241984	241884	295529	284131	315019	334891	364087	265203	279528	387585	393657	259318	289087	352061	284106	303024	322420	402654	414114	326056	309514	317850	290089	258339	291818	285404	279601	388273	361085	466520	388960	349403
multi.mapped.rate	0.0313872843398665	0.0350344330052723	0.036058114795521	0.0306737870318717	0.0340223944195816	0.0682177651610776	0.0609429925110805	0.077463712956892	0.0606845861334246	0.0597968580539858	0.0245170315348257	0.0219622718984792	0.0227105829712777	0.0204466236362836	0.0183398455267614	0.021341678827092	0.0216640936762693	0.020517021983897	0.0224858908264846	0.0206172373918071	0.0462397296450964	0.040442503346097	0.0451238978863337	0.0446250171498902	0.0444617294220973	0.0553506975046408	0.0521741414528475	0.0529642084249684	0.0558053488914472	0.0490529600837297	0.0438367078969508	0.0413201719301929	0.0446641793408375	0.0451962403350974	0.041127218676166	0.0612779845737284	0.0583482007288187	0.0552455492428997	0.0675075507667149	0.0573497060914993	0.0393972830707451	0.0291151169420261	0.035250572635968	0.0445787109355207	0.0306986196225437	0.0445645899683895	0.0440352548816228	0.0455291593505753	0.0433542609485943	0.0436512327720684	0.0477083771047813	0.0474837414747318	0.0475073667995317	0.047011549166362	0.0462989070572722	0.03736371914817	0.039562246390203	0.0356872145144196	0.0373682373688551	0.0375412880602116	0.0513275688837827	0.0507517349894587	0.0502555941073366	0.0508905632015021	0.0527152432560158	0.0461500632729004	0.0511048137923469	0.0487572275386346	0.0505467918990977	0.0482353917174811	0.0514421808194782	0.0571857993928635	0.0510735648739223	0.053730631907297	0.0502711338883292	0.0619176774481651	0.056132114345696	0.0537476355514162	0.0503263340346724	0.0551397976455298	0.045853064518704	0.0441922632619641	0.0435395825441214	0.043481354240858	0.0426524350014149	0.0607793002271047	0.053376487648691	0.060088063557437	0.0540340797008232	0.0497285023566041
