	zmp_ph133_B	zmp_ph133_D	zmp_ph133_E	zmp_ph133_F	zmp_ph133_G	zmp_ph128_B	zmp_ph128_C	zmp_ph128_D	zmp_ph128_E	zmp_ph128_F	zmp_ph129_B	zmp_ph129_C	zmp_ph129_D	zmp_ph129_E	zmp_ph129_G	zmp_ph131_B	zmp_ph131_C	zmp_ph131_D	zmp_ph131_E	zmp_ph131_F	zmp_ph127_B	zmp_ph127_C	zmp_ph127_D	zmp_ph127_E	zmp_ph127_F	zmp_ph115_B	zmp_ph115_C	zmp_ph115_D	zmp_ph115_E	zmp_ph115_F	zmp_ph123_B	zmp_ph123_C	zmp_ph123_D	zmp_ph123_F	zmp_ph123_G	zmp_ph124_B	zmp_ph124_C	zmp_ph124_D	zmp_ph124_E	zmp_ph124_F	zmp_ph130_B	zmp_ph130_C	zmp_ph130_D	zmp_ph130_E	zmp_ph130_F	zmp_ph125_B	zmp_ph125_C	zmp_ph125_D	zmp_ph125_E	zmp_ph125_F	zmp_ph126_B	zmp_ph126_C	zmp_ph126_D	zmp_ph126_E	zmp_ph126_F	zmp_ph116_A	zmp_ph116_B	zmp_ph116_C	zmp_ph116_D	zmp_ph116_F	zmp_ph117_A	zmp_ph117_C	zmp_ph117_D	zmp_ph117_E	zmp_ph117_F	zmp_ph118_B	zmp_ph118_C	zmp_ph118_D	zmp_ph118_E	zmp_ph118_F	zmp_ph119_A	zmp_ph119_B	zmp_ph119_C	zmp_ph119_D	zmp_ph119_E	zmp_ph120_A	zmp_ph120_B	zmp_ph120_C	zmp_ph120_D	zmp_ph120_E	zmp_ph121_A	zmp_ph121_B	zmp_ph121_C	zmp_ph121_D	zmp_ph121_E	zmp_ph122_A	zmp_ph122_B	zmp_ph122_C	zmp_ph122_D	zmp_ph122_F
ERCC-00002	207607	169484	218581	186645	140196	207170	157052	160650	161930	170368	112337	73057	95192	142988	64694	87643	87803	68883	70366	73038	109031	123253	147968	90543	101607	93397	82835	85669	74277	72606	113299	81992	93812	91254	97993	60079	57337	35318	98615	51975	54049	41209	43371	55148	55073	59134	65666	61813	56119	56874	62246	79892	47396	35577	42657	18980	19250	29238	32265	20002	23193	32016	23283	25174	28200	27471	35170	29727	29562	27422	21530	21734	22891	26882	44436	22964	18874	20045	23941	29437	18279	13992	20046	17511	16903	13967	14852	15868	11836	14681
ERCC-00003	7553	8504	12255	11465	9866	9360	11005	8952	7855	7513	4952	6533	4860	8598	4331	7204	4838	4566	5628	5093	7838	7211	11406	6328	5103	7235	7204	6243	5622	5720	7527	5412	6517	6343	7718	4170	4041	7686	5660	4167	4460	3834	3520	4519	4966	5006	5621	5688	4650	5036	6437	6880	4365	3186	3807	2079	1923	2878	3137	1830	2226	2957	2178	2284	2737	2529	3063	2748	2744	2526	2007	2126	2159	2450	3720	2178	1780	1883	2293	2921	1767	1539	1904	1667	1700	1426	1470	1579	1316	1557
ERCC-00004	4427	4616	6984	6374	6107	6049	6144	5299	4186	4577	2866	3698	2914	4903	2665	4440	3215	2563	3038	2908	4639	3926	6399	3618	3165	4291	4077	3872	3375	3246	3992	3112	3511	3523	4248	2443	2460	2786	3434	2494	2657	2018	1923	2574	2703	2718	3011	3039	2540	2675	3326	3872	2389	1743	2065	943	1016	1566	1651	924	1155	1364	1170	1248	1409	1355	1695	1374	1377	1365	1055	1122	1124	1360	2166	1113	937	976	1171	1456	885	781	994	849	861	689	688	838	588	689
ERCC-00009	3916	3262	4143	3405	2414	4019	3006	3114	3137	3224	2148	1384	1779	2708	1219	1533	1614	1331	1303	1388	2122	2403	2858	1820	1925	1831	1507	1731	1414	1512	2143	1635	1886	1770	1966	1153	1051	689	1825	1061	1086	757	823	1036	1049	1191	1288	1215	990	1115	1151	1521	907	736	875	361	367	625	625	398	442	693	445	466	551	547	654	605	589	552	463	432	483	497	839	420	366	369	460	547	364	302	396	386	346	301	291	304	214	256
ERCC-00012	4	0	1	2	2	1	2	3	3	1	0	1	1	1	1	0	0	1	0	1	1	2	1	3	1	0	0	0	1	0	0	1	0	0	0	0	0	0	0	0	0	0	0	0	2	0	1	2	1	3	0	0	0	0	1	0	0	0	1	1	0	1	0	0	0	0	1	1	0	0	0	0	0	0	0	1	0	0	0	1	0	0	0	0	1	1	0	0	0	0
ERCC-00013	9	8	17	20	7	18	14	11	10	11	7	1	11	4	8	6	4	7	5	5	5	10	9	6	12	9	13	8	1	4	9	7	6	6	10	3	6	2	5	5	3	0	1	5	1	7	7	4	6	4	7	7	2	2	6	3	0	3	5	1	1	1	1	3	5	2	5	4	6	2	0	3	1	2	3	0	2	0	5	1	0	1	1	1	0	3	3	0	2	0
ERCC-00014	53	41	71	49	26	45	47	41	34	42	37	23	19	30	21	24	21	16	23	20	25	30	48	19	30	24	15	27	18	13	42	22	30	18	17	20	20	16	32	17	15	10	10	13	10	10	16	12	12	12	19	23	20	6	12	6	3	7	8	3	5	7	6	7	8	9	10	3	4	5	8	5	5	9	13	3	7	5	4	5	5	6	7	1	5	5	4	6	3	7
ERCC-00016	2	0	4	2	0	1	1	1	3	0	0	0	1	1	0	1	0	2	0	0	1	1	0	0	0	0	3	0	0	1	0	0	0	0	1	1	3	0	1	0	0	0	0	0	1	1	1	0	1	0	1	0	0	0	1	1	0	0	0	1	0	0	0	0	0	1	0	0	0	0	0	0	0	0	0	0	0	1	0	0	0	0	0	0	0	0	0	0	0	0
ERCC-00017	0	1	0	0	0	0	0	1	2	0	1	0	0	0	0	0	0	0	0	2	0	1	0	0	0	0	0	0	1	0	0	1	0	0	0	1	0	0	0	0	0	0	0	0	0	1	0	0	0	0	1	0	0	0	0	0	0	1	0	0	0	0	0	0	0	0	0	0	1	0	0	0	0	0	0	1	0	0	0	0	0	0	0	0	0	0	0	0	0	0
ERCC-00019	35	34	53	33	43	37	25	34	40	32	17	18	23	34	10	18	19	16	17	17	28	34	40	16	20	14	19	15	11	16	28	16	17	14	22	16	14	13	18	9	7	11	7	7	9	15	8	11	9	7	13	9	15	5	6	7	5	4	7	2	6	3	3	5	4	2	7	3	4	4	6	3	2	10	10	5	5	2	5	3	2	5	4	5	5	5	6	1	3	4
ERCC-00022	2748	2409	2965	2730	2124	2719	2203	2244	2090	2335	1489	1086	1205	2001	878	1290	1161	965	1004	905	1575	1754	2172	1233	1349	1251	1143	1181	1007	949	1580	1125	1287	1240	1205	752	705	825	1292	728	719	552	590	727	734	769	874	776	701	767	1037	1081	621	479	569	267	268	399	425	243	291	426	291	351	354	375	470	392	360	355	287	287	279	372	538	299	266	249	333	387	261	210	256	239	238	193	195	201	162	207
ERCC-00024	1	0	1	1	5	0	3	0	1	3	2	1	1	1	1	0	1	0	0	2	0	1	1	1	0	2	0	1	3	1	1	2	0	2	1	0	0	0	0	0	0	0	0	1	1	0	0	0	2	1	0	0	0	1	0	0	0	0	0	0	0	1	0	0	2	0	0	0	0	0	0	0	0	0	0	0	0	1	2	0	0	0	0	1	0	1	0	0	0	0
ERCC-00025	620	564	642	568	410	594	483	542	543	533	338	206	282	445	182	254	246	185	246	230	328	374	455	285	335	278	240	271	263	230	331	260	289	272	330	189	184	175	304	157	163	108	127	166	155	166	181	206	164	177	208	260	144	93	132	59	58	81	107	54	77	99	72	96	85	75	105	102	80	86	56	70	91	68	131	55	61	72	75	100	50	46	77	65	52	55	41	42	36	56
ERCC-00028	11	8	8	6	6	7	10	7	4	5	2	2	5	6	0	1	4	2	1	4	3	3	3	5	7	5	6	2	4	1	3	3	4	4	1	6	4	2	2	1	3	1	1	1	2	0	4	4	1	1	4	5	3	3	3	1	1	0	1	0	2	0	0	2	0	0	0	0	1	2	6	1	2	0	2	2	0	2	1	0	0	0	1	1	0	0	1	0	0	0
ERCC-00031	18	6	13	13	11	13	11	12	12	7	6	3	5	18	6	8	6	4	7	4	12	8	7	5	9	9	3	5	8	4	7	6	6	6	10	2	5	2	1	6	4	4	2	6	3	4	3	6	4	3	4	4	6	0	4	2	1	4	2	2	1	4	2	2	3	2	3	1	3	3	1	2	0	3	2	0	1	0	2	2	4	2	0	2	1	1	1	0	0	1
ERCC-00033	3	4	7	2	1	5	3	1	1	2	1	1	4	2	2	4	1	1	1	2	3	2	2	0	0	3	3	2	1	2	2	0	3	1	3	1	0	2	2	4	3	0	0	1	2	0	1	1	1	2	1	3	0	1	1	0	0	1	1	1	0	1	2	0	1	0	2	4	1	1	0	0	1	1	2	1	2	1	0	0	0	1	0	0	0	0	0	2	1	2
ERCC-00034	110	100	144	104	91	103	88	110	100	89	65	41	46	76	37	63	57	39	41	50	53	73	74	59	65	50	52	43	35	41	47	53	48	58	50	39	24	23	58	33	35	25	19	26	25	34	36	21	22	27	50	59	25	12	30	13	12	16	19	14	13	16	17	18	20	18	26	16	10	12	10	8	14	22	25	12	17	12	10	24	11	7	17	13	16	7	11	7	8	6
ERCC-00035	585	535	721	559	440	606	483	505	477	529	356	230	277	475	169	264	236	197	235	245	360	394	483	299	315	292	263	290	228	221	366	267	281	285	319	191	174	182	286	159	162	113	128	152	150	200	227	191	162	151	209	221	156	104	141	68	44	84	95	60	67	73	70	69	83	80	104	95	95	79	61	62	61	90	144	65	53	60	95	84	56	46	56	54	38	39	48	46	29	49
ERCC-00039	40	26	41	39	29	41	31	33	32	37	13	15	18	24	7	17	25	14	9	14	20	25	35	13	16	17	16	20	11	11	26	20	22	20	12	6	11	10	22	14	7	6	10	18	7	11	14	9	7	11	11	12	11	6	12	5	2	5	6	2	6	5	6	4	4	6	3	6	4	6	6	4	4	5	6	4	2	2	3	3	2	3	3	6	3	3	4	3	0	1
ERCC-00040	6	6	10	9	7	10	2	10	6	6	5	4	0	8	6	2	2	4	1	5	8	4	4	4	8	1	3	4	4	4	8	5	4	3	7	8	1	5	6	1	0	3	1	3	0	2	5	3	4	3	3	3	5	0	0	0	3	3	3	0	0	1	0	0	3	1	1	0	1	1	0	4	0	2	3	0	0	0	2	1	0	0	0	0	4	1	0	0	1	1
ERCC-00041	3	3	5	2	0	4	0	5	3	3	2	0	4	2	1	2	0	1	2	1	1	1	3	0	0	3	0	2	0	5	1	1	3	2	4	2	1	0	5	1	2	0	0	0	1	0	1	1	1	2	1	0	0	2	0	0	0	1	1	0	0	3	0	1	1	0	0	0	2	0	0	0	0	0	1	0	1	0	0	0	0	1	1	1	0	0	0	1	0	0
ERCC-00042	3565	3637	4652	4143	3692	4088	3476	3414	3218	3336	2209	1765	1876	3042	1394	2317	1853	1439	1687	1565	2446	2523	3608	2151	2173	2208	2034	1955	1707	1597	2627	1824	2125	2020	2196	1220	1291	1612	1976	1313	1254	1033	927	1328	1285	1248	1486	1414	1264	1377	1614	1795	1135	769	1027	531	422	828	744	413	576	579	517	614	655	730	840	669	693	605	482	564	553	619	907	533	450	472	607	669	431	368	450	444	367	374	365	397	274	381
ERCC-00043	5043	6145	8445	8347	7368	7932	7539	6790	5618	6078	3869	4077	3852	6487	3283	5112	3647	3192	3683	3454	5486	5187	7648	4681	4005	4732	4511	4486	3810	3792	4972	3969	4349	4298	4856	2754	2746	2856	4295	2870	2929	2303	2208	3031	3014	3106	3482	3370	2879	3053	3713	4414	2798	1959	2317	1229	1050	1694	1828	1171	1301	1844	1294	1430	1552	1612	2002	1543	1641	1435	1099	1246	1386	1449	2369	1277	1061	1101	1308	1754	1072	828	1196	976	968	780	860	859	672	847
ERCC-00044	1238	1086	1401	1202	896	1316	1013	1008	1024	1068	735	482	545	942	441	562	539	441	465	465	748	785	947	558	680	547	503	516	472	431	763	493	586	595	631	376	362	316	602	347	331	259	273	340	372	421	447	383	358	378	379	527	286	228	296	137	103	201	200	130	149	171	140	173	171	160	209	200	200	156	147	115	157	153	279	149	144	107	156	198	134	102	135	116	118	90	75	107	86	105
ERCC-00046	15015	19282	30237	30423	27617	24214	25153	22110	17247	19169	11612	13123	12769	21505	10861	19450	14356	10856	12074	11846	18040	16440	25333	14835	13356	17068	15856	14932	13030	12959	17514	13555	14904	14266	16605	9610	9514	8023	14671	9448	9894	7355	7663	9951	10303	10676	11585	11388	9745	10318	11595	14491	8758	6530	7777	3559	3867	5829	6350	3723	4436	7529	4387	4599	5151	5437	6657	5402	5420	5036	4056	3983	4021	4896	8408	4327	3407	3635	4358	5446	3398	2658	3722	3166	3127	2527	2761	2934	2182	2759
ERCC-00048	1	0	0	0	0	2	1	0	0	0	1	0	0	0	0	0	0	0	0	1	0	1	1	1	0	0	0	0	0	0	0	0	0	0	0	0	0	0	0	0	0	0	0	0	0	0	0	0	0	0	0	0	0	0	0	0	0	0	0	0	0	0	0	0	0	0	0	0	0	0	0	0	0	0	0	0	0	0	0	0	0	0	1	0	0	0	0	0	0	0
ERCC-00051	53	59	94	73	70	65	59	55	52	61	28	24	42	59	29	46	34	29	21	24	35	39	52	26	40	31	28	23	21	20	31	26	31	32	40	25	22	21	39	21	24	16	20	30	14	22	21	19	19	26	30	31	19	15	16	4	12	8	13	6	5	16	3	10	6	12	11	11	11	15	5	8	10	6	16	10	5	10	13	6	7	4	7	5	8	5	7	8	4	11
ERCC-00053	77	91	161	126	126	137	110	99	85	102	57	58	68	103	49	76	60	42	56	60	97	109	114	68	63	67	85	71	61	67	86	58	49	66	73	35	43	92	64	60	54	62	47	56	61	50	63	68	48	60	77	95	63	46	54	27	18	38	36	37	27	35	27	37	36	42	37	37	31	39	43	31	39	30	37	25	30	32	33	38	22	11	22	19	27	20	20	20	12	18
ERCC-00054	33	23	40	31	31	37	31	24	27	22	15	10	22	27	12	23	22	12	11	10	14	15	21	12	13	23	16	9	11	10	17	9	18	10	10	2	8	11	13	7	13	6	7	10	8	7	10	13	7	5	16	17	4	4	9	3	3	4	10	4	5	3	7	6	3	3	2	2	6	5	2	5	2	0	8	5	4	2	2	2	7	0	2	2	1	2	4	1	3	2
ERCC-00057	0	1	0	0	0	0	0	0	1	0	1	0	0	0	0	0	0	0	0	0	0	0	0	0	0	0	0	0	0	0	0	0	0	0	0	0	0	0	0	0	0	0	0	0	0	0	0	0	0	1	1	0	0	0	0	0	0	0	0	0	0	0	0	0	0	0	0	0	0	0	0	0	0	0	0	0	0	0	0	0	0	0	0	0	0	0	0	0	0	0
ERCC-00058	25	15	20	20	18	20	11	20	19	23	10	10	14	18	10	9	6	6	9	7	9	22	16	8	17	8	11	13	10	8	14	8	7	9	6	12	7	3	8	6	3	2	4	7	4	8	7	10	8	6	12	8	3	3	6	2	2	5	3	2	3	6	5	2	5	4	5	10	4	2	4	4	2	4	3	2	3	2	0	1	1	1	1	1	0	2	3	3	0	0
ERCC-00059	142	115	181	137	108	130	126	113	110	97	73	54	72	95	44	54	70	48	43	71	75	105	96	71	78	82	50	54	45	43	89	49	72	51	74	50	56	22	69	44	37	23	28	35	42	39	46	44	41	29	44	56	36	21	25	10	12	15	23	9	13	20	26	19	26	28	24	24	31	18	14	18	23	16	40	13	18	17	21	27	17	8	18	11	23	9	10	7	12	12
ERCC-00060	603	766	1165	1140	1037	1072	1138	876	652	848	436	762	485	839	437	869	543	438	557	434	786	652	1181	654	546	777	941	651	682	601	699	555	578	652	790	433	429	940	580	491	555	424	401	548	635	614	685	705	591	596	879	874	559	399	426	268	270	395	385	212	295	410	276	323	335	337	384	331	315	292	247	281	274	316	513	256	215	225	306	366	203	165	231	230	186	171	169	200	146	189
ERCC-00061	1	0	1	0	1	3	2	1	1	1	0	0	0	0	0	0	1	0	1	0	1	0	0	1	0	0	0	0	0	0	0	1	0	0	0	1	0	0	0	1	0	0	0	0	0	0	0	0	0	0	0	1	0	0	0	0	0	1	0	0	2	0	0	0	0	0	0	0	0	0	0	0	0	1	0	0	0	0	0	0	0	0	0	0	0	0	0	0	0	0
ERCC-00062	82	87	102	106	84	92	99	87	73	98	54	46	45	87	49	60	54	40	26	47	78	80	80	51	50	50	41	41	46	49	59	46	55	39	62	30	37	57	55	34	36	40	21	32	40	42	43	53	36	31	48	45	45	29	17	18	15	34	32	19	17	23	23	14	22	17	32	16	24	20	20	22	18	19	40	14	13	18	6	25	11	12	19	19	14	17	8	19	7	10
ERCC-00067	17	10	18	14	12	23	13	15	9	15	5	5	4	6	6	10	3	8	4	7	7	6	7	5	9	9	4	8	4	5	11	8	6	4	10	3	2	5	7	4	2	1	4	4	2	7	7	5	5	3	6	2	5	5	2	0	1	2	3	1	4	3	6	3	0	1	3	3	1	3	0	1	3	2	5	0	0	0	2	3	0	3	3	2	3	0	2	0	1	2
ERCC-00069	31	31	32	27	26	35	35	36	29	27	24	11	22	30	12	16	16	18	11	12	17	15	32	24	22	22	13	23	16	11	32	16	10	19	16	7	10	10	17	9	15	6	5	13	11	12	15	15	9	10	12	14	12	7	8	4	4	9	3	3	5	4	6	3	6	7	4	8	5	3	3	3	7	4	2	3	3	5	6	6	8	1	5	3	1	5	7	5	1	3
ERCC-00071	519	435	551	480	391	501	448	450	422	482	283	206	250	401	168	251	208	197	181	179	294	336	423	259	309	274	208	196	183	196	300	227	229	258	260	160	165	144	272	117	140	121	100	158	162	158	183	179	155	166	163	203	113	95	97	48	51	73	102	53	65	93	56	84	70	70	84	73	78	75	49	56	70	67	109	67	47	45	66	88	34	33	67	50	46	43	44	40	29	37
ERCC-00073	5	6	5	8	8	7	0	0	7	1	1	2	0	4	2	2	1	4	1	1	4	1	2	1	2	3	5	3	1	2	2	0	3	3	0	1	1	0	0	1	1	4	1	0	3	1	1	1	2	1	0	5	1	1	0	1	1	2	0	1	1	0	1	1	1	0	0	3	2	0	0	2	1	0	1	2	1	1	0	1	1	0	0	0	0	1	0	0	0	0
ERCC-00074	97681	105857	153435	150238	132836	133050	121623	114145	95215	105415	64156	61932	64618	109008	49598	88439	69345	50421	56161	54506	83865	85096	117024	67891	67662	76519	70426	70080	56096	55776	83748	62017	69532	68400	73611	43467	42759	50184	69674	41470	43313	33344	33718	42544	43970	45242	51735	48432	42391	44273	55964	64238	38752	27649	33686	16331	15548	25396	27642	15435	18564	25911	18700	20151	22903	22387	27636	23233	23030	21806	16974	18007	18477	21074	33527	18051	14805	15657	18784	23629	14266	12045	15491	13969	13307	11217	11734	13044	9533	11806
ERCC-00075	1	0	0	0	0	1	1	1	0	0	0	0	0	0	0	0	0	0	0	0	0	0	0	0	0	0	0	0	0	0	0	0	1	0	0	0	1	0	0	0	1	0	0	1	0	0	0	0	0	0	0	0	0	0	0	0	0	0	0	0	0	0	0	0	0	0	0	0	0	0	0	0	0	0	0	0	0	0	0	0	0	0	0	0	0	0	0	0	0	0
ERCC-00076	1646	1345	1761	1527	1137	1679	1290	1323	1225	1342	876	590	789	1181	522	710	765	568	556	576	896	990	1194	700	863	774	649	650	570	558	873	624	747	756	769	474	465	361	831	432	425	332	344	444	497	440	511	488	440	424	535	659	411	268	365	158	139	246	288	166	165	286	208	184	254	222	326	202	248	192	175	181	188	221	379	188	143	145	190	221	154	113	148	148	138	137	113	129	95	110
ERCC-00077	29	24	24	31	30	29	18	17	21	25	12	7	10	20	6	24	17	8	4	4	18	20	15	10	11	25	8	18	8	5	9	8	11	7	6	9	7	3	14	5	10	6	2	8	12	9	7	10	5	9	10	6	6	6	8	1	6	2	5	5	5	9	1	5	7	3	4	3	3	3	2	2	5	3	5	4	4	5	1	6	6	1	0	3	0	3	3	0	1	1
ERCC-00078	521	457	612	491	399	567	420	441	395	515	316	204	269	399	165	225	239	178	177	194	300	304	447	259	291	291	243	239	212	205	334	226	257	248	282	151	142	126	255	149	115	103	117	139	168	158	166	190	142	130	182	235	135	102	125	54	45	76	91	58	58	66	57	63	73	74	80	89	78	82	53	59	65	67	133	56	45	59	57	76	52	41	55	55	47	42	42	38	24	38
ERCC-00079	727	563	764	691	486	699	535	566	549	567	363	246	283	470	233	285	330	247	244	256	385	415	499	296	355	322	307	294	234	274	424	248	334	328	330	197	176	194	327	197	182	148	145	174	196	227	230	201	180	173	199	258	157	107	140	66	62	101	105	58	83	118	85	78	99	92	122	112	106	109	75	75	84	73	130	92	68	63	80	101	66	65	42	49	54	45	47	60	48	57
ERCC-00081	4	1	1	5	3	1	3	0	1	1	1	0	1	0	0	0	1	1	0	1	2	0	2	0	0	0	0	5	2	0	1	1	0	1	2	0	0	0	3	0	2	2	0	0	1	1	0	0	2	0	1	3	1	0	1	1	0	0	0	0	0	0	0	0	0	0	0	0	0	1	0	0	0	0	1	0	0	0	0	0	0	0	0	0	0	0	0	1	0	0
ERCC-00083	0	0	0	0	0	0	0	0	0	0	0	0	0	0	0	0	0	0	0	0	0	0	0	0	0	0	0	0	0	0	0	0	0	0	0	0	0	0	0	0	0	0	0	0	0	0	0	0	0	0	0	0	0	0	0	0	0	0	0	0	0	0	0	0	0	0	0	0	0	0	0	0	0	0	0	0	0	0	0	0	0	0	0	0	0	0	0	0	0	0
ERCC-00084	410	317	419	368	247	358	334	285	296	307	188	139	180	282	127	158	160	122	118	124	182	228	278	140	175	158	151	142	140	123	195	165	177	162	189	116	92	84	185	89	83	78	87	94	108	105	120	120	111	104	98	145	94	67	74	35	23	57	55	40	52	47	37	41	52	54	61	67	47	54	36	39	45	68	80	37	36	35	42	52	38	26	37	37	39	32	18	33	20	21
ERCC-00085	26	23	22	24	14	33	18	14	17	27	11	9	13	10	12	16	12	7	15	4	16	16	11	7	13	8	17	10	12	4	9	8	10	10	18	7	7	3	8	8	5	3	7	6	7	9	11	11	12	7	9	5	9	6	4	3	0	2	5	2	1	6	4	3	2	2	6	3	7	3	3	1	2	5	4	0	3	0	2	4	3	2	5	2	1	1	3	1	0	3
ERCC-00086	1	2	1	1	2	0	2	2	1	1	2	1	0	1	0	3	1	2	1	1	2	2	3	0	0	0	3	1	0	2	2	0	1	0	1	0	0	1	3	1	1	2	0	0	2	0	2	1	1	0	3	1	1	0	0	0	0	1	0	0	0	0	1	1	0	1	1	0	2	0	0	1	0	0	1	0	1	1	0	2	1	1	0	1	0	0	0	0	0	0
ERCC-00092	583	526	644	555	405	610	477	505	455	522	355	245	275	438	192	248	263	204	213	215	384	385	487	274	312	280	267	275	225	237	336	260	294	286	303	187	147	128	262	160	129	114	140	168	185	173	188	207	188	171	175	229	130	105	140	59	62	96	91	73	71	78	69	76	82	75	88	102	77	89	58	69	76	83	122	69	66	65	72	100	47	43	61	54	46	56	48	47	44	44
ERCC-00095	182	145	236	188	160	164	144	125	106	155	103	83	74	143	60	87	73	55	56	55	97	105	158	85	95	79	83	95	66	57	104	73	109	86	98	62	57	72	82	48	53	32	39	42	51	58	62	60	44	53	58	82	45	28	39	17	16	30	33	16	19	27	21	22	21	28	33	21	24	35	22	19	22	24	38	27	23	16	31	25	15	16	21	16	11	18	18	20	11	19
ERCC-00096	134041	111244	141848	114073	85874	131542	105789	109235	105472	111539	72935	50515	59656	95772	42749	52533	54941	43356	47957	47200	74068	80590	99898	58907	65833	59795	55473	56790	47277	47548	75279	52271	59882	59550	63035	38671	37010	33095	63948	35198	34459	28268	28055	35681	35914	38332	42918	40035	35349	36950	44339	51358	30936	22920	27851	13408	12521	18650	21288	13652	15213	22229	15447	16791	18629	17798	22552	19485	19542	18192	14232	14640	15400	17653	27678	14995	12606	12954	15482	19234	11773	9721	13011	11581	11228	9376	9907	10338	8029	9631
ERCC-00097	0	0	1	1	0	0	3	1	0	0	0	0	1	1	0	0	0	1	1	1	0	2	0	0	0	0	0	0	0	0	1	1	1	1	0	0	0	0	1	0	0	0	0	0	1	1	0	0	0	0	1	1	0	0	0	0	0	0	0	0	0	0	0	0	0	1	0	0	0	0	0	0	0	0	0	0	0	0	0	0	0	0	0	1	0	0	0	0	0	0
ERCC-00098	2	0	0	1	1	1	2	0	1	4	0	0	0	1	0	0	0	0	1	0	2	0	0	0	0	0	0	3	0	0	0	1	0	0	0	0	0	0	1	0	1	1	0	0	0	0	0	0	0	0	0	0	1	0	0	0	0	1	1	0	0	0	1	0	0	0	1	0	0	0	0	0	0	0	0	0	0	0	0	0	0	0	0	0	1	0	0	0	0	0
ERCC-00099	196	178	237	203	148	220	180	177	187	159	116	105	94	144	78	92	86	69	74	80	124	121	154	76	120	108	98	115	83	78	124	84	95	78	118	81	68	47	98	59	46	42	57	56	69	62	76	66	67	51	73	87	54	26	52	28	17	27	41	18	31	28	30	29	34	21	39	38	42	34	24	31	30	30	47	34	26	14	33	37	17	16	22	27	13	21	16	20	7	15
ERCC-00104	0	0	2	0	0	3	2	3	2	1	0	1	0	0	0	2	1	2	0	0	2	4	0	1	2	1	0	2	0	1	0	0	2	4	3	1	1	1	1	1	1	0	0	0	1	0	0	0	0	0	1	0	1	0	0	0	1	0	1	0	0	0	0	0	0	0	0	0	0	1	0	0	0	0	0	0	0	0	1	0	1	0	1	1	0	0	0	0	0	0
ERCC-00108	1361	1150	1398	972	720	1228	955	1014	1029	1028	723	457	530	861	370	461	518	436	483	491	680	786	947	498	596	589	532	518	482	451	706	497	581	542	588	376	353	240	637	317	355	246	274	376	343	362	453	385	355	352	381	452	265	239	260	140	134	208	185	158	157	193	133	183	186	169	218	194	172	200	137	122	128	157	271	134	127	119	138	219	111	89	137	124	111	96	102	117	93	90
ERCC-00109	2	3	5	4	3	1	3	3	0	2	2	0	0	3	1	2	3	1	0	1	3	4	1	0	1	3	1	2	1	1	1	0	2	1	1	0	2	1	2	1	2	2	1	1	0	2	4	3	1	0	1	1	0	1	0	0	0	1	0	0	0	2	0	1	1	0	1	0	0	0	1	0	0	0	0	0	0	1	1	0	0	0	0	0	0	0	2	0	0	0
ERCC-00111	6645	5314	6809	5772	4469	6669	5249	5417	5203	5496	3506	2489	2763	4601	2015	2641	2798	2028	2291	2131	3492	4019	4857	2885	3134	2929	2836	2882	2288	2247	3773	2628	2984	2917	2998	1802	1818	2099	3011	1644	1674	1314	1360	1696	1640	1793	2024	1975	1712	1859	2101	2491	1543	1093	1358	663	649	967	1074	624	739	830	779	807	934	887	1089	896	918	864	665	715	736	881	1464	741	618	650	773	968	574	524	661	546	528	466	496	525	388	491
ERCC-00112	1674	1390	1713	1397	1099	1685	1282	1354	1316	1399	934	642	748	1147	546	632	705	553	551	538	879	938	1208	766	800	784	724	686	633	556	920	611	749	749	784	479	474	372	818	401	450	314	329	500	427	490	521	482	437	496	518	588	378	289	350	157	176	232	238	155	200	278	184	213	251	249	262	261	225	206	170	184	182	213	380	188	138	169	198	229	155	143	166	142	118	131	127	142	91	119
ERCC-00113	47268	39270	49930	40314	31032	47297	38018	38608	36859	40250	25847	18008	21210	33914	14995	19072	19666	15447	16954	16898	26168	28861	35313	21358	23529	22191	20168	20153	17036	16625	26822	19139	21154	21108	22239	13573	13282	11161	22416	12340	12469	9970	10093	12750	12876	13752	15323	14180	13036	13344	15777	18348	11092	8503	10156	4887	4582	6948	7766	4717	5566	6760	5464	6012	6834	6643	8310	7033	6881	6419	4913	5345	5531	6422	10223	5411	4494	4677	5643	6841	4282	3521	4658	4236	3814	3354	3577	3779	2962	3539
ERCC-00116	3	4	3	5	2	3	3	1	1	1	1	0	3	3	0	2	1	0	4	0	1	2	3	1	3	2	4	2	2	0	4	2	3	1	0	2	1	1	1	1	2	0	1	1	2	1	1	1	2	1	3	1	0	0	2	0	2	1	0	1	1	1	0	1	1	1	0	0	0	1	0	0	0	0	0	0	0	0	0	0	1	0	0	0	1	0	0	1	0	0
ERCC-00117	1	1	1	1	1	1	0	1	1	0	0	0	0	1	0	0	0	0	0	0	0	0	4	0	1	0	2	0	1	0	0	1	0	0	2	0	0	0	3	0	0	0	0	0	0	0	0	0	0	0	0	0	0	0	0	0	0	0	0	0	0	0	0	0	0	0	0	0	0	0	0	0	0	0	0	0	0	0	0	0	0	0	0	0	0	0	0	0	0	0
ERCC-00120	3	4	6	7	1	11	1	5	7	3	5	1	4	4	3	2	0	3	2	3	0	1	6	2	3	0	3	2	0	0	6	2	4	3	1	0	0	1	4	3	2	0	0	1	0	0	4	0	2	4	0	2	0	0	4	0	1	0	1	1	1	1	0	0	1	0	1	0	2	0	1	0	0	1	1	0	0	2	0	1	1	0	1	2	2	0	0	2	1	0
ERCC-00123	0	0	2	0	0	0	0	0	0	1	0	0	0	0	0	0	1	0	0	0	1	0	1	0	0	0	0	0	0	0	0	0	2	0	0	0	0	1	0	1	0	1	0	0	0	2	1	0	0	0	0	0	0	0	1	0	0	0	0	0	0	0	0	0	2	0	0	0	0	0	0	0	0	0	0	0	0	1	0	0	0	1	0	0	0	0	0	0	0	0
ERCC-00126	46	51	53	55	27	60	34	40	35	43	30	22	21	26	12	22	18	13	20	18	32	31	29	19	24	19	23	27	13	18	31	24	18	12	18	11	6	6	21	20	15	8	16	13	13	15	18	14	16	18	15	26	12	4	12	3	1	10	6	1	7	8	6	8	7	6	8	7	7	10	2	2	5	6	9	4	3	3	7	6	3	5	1	5	3	4	6	4	1	4
ERCC-00130	49573	42811	54254	47194	37727	51938	41717	42593	40909	43293	28487	19583	23492	37606	16706	23317	22082	17040	18748	17945	28922	31635	39662	23401	25584	23603	21878	22642	18535	18551	29377	20807	23599	23320	24748	15302	14430	16049	24862	13821	14023	10874	10863	14186	14099	14970	16888	15752	14244	14653	17674	20247	12117	9141	11160	5412	4949	7618	8368	5254	6147	8560	6192	6572	7239	6935	9006	7706	7552	6851	5530	5568	5962	6955	11510	5985	4945	5012	6120	7648	4596	3962	5145	4484	4425	3644	3879	4154	3156	3776
ERCC-00131	204	172	221	183	150	249	160	187	158	192	112	69	105	142	59	95	106	69	95	83	110	137	161	90	127	103	84	97	72	73	126	79	112	96	105	64	58	66	88	44	60	55	48	61	56	65	61	59	45	64	75	85	47	46	56	24	20	37	32	28	25	36	24	30	34	25	35	31	25	26	20	18	17	22	51	20	24	17	20	30	18	21	25	15	18	14	14	14	9	16
ERCC-00134	1	1	1	0	0	0	0	0	0	1	0	0	0	0	0	0	0	1	0	0	0	1	2	0	0	1	0	0	0	0	0	1	0	0	0	0	0	0	1	0	0	0	0	0	0	0	0	0	0	1	0	0	0	0	0	0	0	0	0	0	0	1	0	0	0	0	0	0	0	0	0	0	0	0	0	0	0	0	1	0	0	0	0	0	0	0	0	0	0	0
ERCC-00136	3234	2815	3758	3176	2526	3374	2716	2658	2740	2801	1893	1276	1514	2485	1157	1633	1521	1231	1223	1246	1964	2156	2544	1561	1729	1600	1391	1510	1219	1255	2040	1433	1666	1674	1729	1081	1020	894	1720	917	954	678	760	976	947	991	1195	1060	958	1039	1105	1389	799	679	766	353	336	513	553	348	414	654	422	424	524	503	581	550	528	495	405	368	421	495	749	385	334	370	423	550	333	259	321	309	301	230	275	281	200	278
ERCC-00137	4	5	6	5	5	4	4	4	3	5	3	0	0	1	3	2	3	0	6	2	3	4	5	2	3	1	4	1	1	0	3	1	2	0	1	2	1	0	3	1	1	1	2	1	3	0	2	1	0	4	0	3	0	1	3	0	0	0	1	0	3	0	1	0	2	1	0	0	1	1	1	1	0	0	1	0	1	0	1	2	1	0	0	1	0	0	1	1	1	2
ERCC-00138	3	2	0	1	2	1	2	0	0	1	0	1	0	1	0	1	0	2	2	0	0	1	0	0	0	1	0	0	1	0	1	0	1	1	1	0	3	0	1	0	0	1	0	0	0	0	0	0	1	1	0	1	0	0	0	1	0	0	0	0	0	0	0	0	0	1	0	0	0	0	0	0	0	0	0	0	0	1	0	0	1	0	0	0	0	0	0	0	0	1
ERCC-00142	1	2	0	2	0	1	0	1	2	2	1	0	0	1	1	0	2	0	0	0	0	0	0	0	1	0	0	0	0	0	1	0	0	0	1	0	1	0	1	0	0	0	0	0	1	0	0	0	1	0	1	0	0	0	0	0	0	0	0	0	0	0	0	0	1	0	1	0	1	0	1	0	0	0	0	0	0	0	0	0	0	0	0	0	0	0	0	0	0	0
ERCC-00143	46	20	27	21	18	34	30	25	25	22	21	5	17	28	9	13	10	12	13	13	7	20	16	18	11	14	16	14	11	14	22	17	15	8	14	14	11	1	12	9	5	9	3	7	9	10	15	9	7	11	6	17	7	3	7	2	4	6	2	3	6	3	7	7	3	4	4	3	6	5	3	6	4	4	7	1	3	9	4	4	4	0	1	6	3	2	0	2	1	0
ERCC-00144	34	22	27	33	16	37	17	21	18	17	17	10	16	24	11	10	12	8	8	15	18	20	19	11	11	14	10	16	9	10	15	14	9	10	11	7	7	7	15	12	5	6	7	4	4	10	7	8	8	6	6	15	8	8	5	1	3	2	6	7	0	5	6	7	4	2	0	6	4	1	0	4	5	3	7	3	3	0	4	2	2	0	4	2	4	1	1	7	0	5
ERCC-00145	6463	5473	6967	6074	4624	6801	4998	5381	5178	5581	3768	2464	3053	4768	2085	2785	2856	2195	2262	2448	3682	4049	4989	2978	3240	3122	2763	2934	2404	2337	3683	2750	3110	2979	3158	1936	1845	1535	3164	1783	1781	1402	1514	1845	1850	1948	2157	1993	1812	1948	2027	2648	1563	1207	1405	670	635	1045	1039	669	837	1093	819	880	955	984	1102	1020	1014	915	727	705	832	881	1426	745	654	674	780	971	644	446	653	583	581	484	480	517	446	477
ERCC-00147	5	6	1	1	3	4	0	0	2	0	0	1	1	2	0	1	5	0	1	1	0	1	2	0	2	2	1	0	1	0	1	0	0	1	1	1	2	0	2	1	0	2	0	2	0	1	3	0	0	0	0	3	1	0	0	0	0	0	0	0	1	0	0	0	1	1	0	0	0	0	0	0	0	0	1	0	0	0	0	1	0	0	0	1	0	0	0	0	0	1
ERCC-00148	42	42	52	41	38	44	29	45	43	28	21	13	15	36	9	23	23	19	20	17	27	36	27	15	19	27	23	22	22	11	27	17	17	14	21	17	16	20	29	12	8	8	9	12	11	10	17	8	9	10	18	23	12	2	4	3	2	5	7	5	5	6	4	3	3	6	11	2	6	6	6	4	5	4	9	2	4	4	7	4	6	7	4	6	5	1	1	2	3	2
ERCC-00150	33	20	23	22	15	26	15	17	12	17	10	10	11	19	5	13	8	12	5	11	8	20	23	10	8	13	9	8	6	4	7	10	10	8	10	6	8	5	11	7	3	5	5	5	7	7	8	6	7	11	10	10	3	3	2	4	2	3	8	3	3	7	3	4	4	0	2	2	5	8	1	1	4	3	4	4	2	2	1	3	1	2	1	1	1	3	4	3	1	1
ERCC-00154	4	6	10	5	7	7	4	8	5	7	3	3	3	4	2	3	2	4	3	3	6	5	3	1	3	4	2	2	3	3	9	4	2	4	4	2	1	2	3	2	2	1	1	0	2	2	4	3	3	1	3	5	3	1	2	1	0	2	2	0	0	2	0	0	1	0	0	1	0	0	1	0	0	0	1	0	0	0	1	0	0	0	1	0	0	1	3	1	0	1
ERCC-00156	0	0	0	0	0	0	1	1	0	0	0	0	0	0	0	0	0	0	0	0	1	0	0	0	0	1	0	0	0	0	0	0	0	2	0	0	0	0	0	0	0	0	0	0	0	0	0	0	0	1	0	0	0	0	0	0	0	0	0	0	0	0	0	0	0	0	1	0	0	0	0	0	0	0	0	0	0	0	0	0	0	0	0	0	0	0	1	0	0	0
ERCC-00157	87	63	95	69	67	77	68	64	61	69	42	29	54	81	24	29	28	26	28	35	37	64	54	33	42	32	33	33	36	27	35	31	29	24	41	24	31	24	57	15	19	11	19	20	21	24	31	22	21	27	30	37	15	15	9	11	11	12	16	6	3	16	12	10	17	8	15	14	12	18	10	12	15	14	22	16	13	6	13	12	9	5	7	16	8	8	3	5	4	7
ERCC-00158	2	5	11	3	3	3	3	5	5	1	3	1	0	3	2	3	2	1	2	0	2	0	5	4	3	3	3	1	3	3	1	2	1	4	1	0	2	4	3	3	0	2	0	0	3	1	3	3	2	0	4	1	0	1	1	0	2	1	1	1	0	1	0	0	0	0	2	0	0	1	1	0	0	0	0	2	1	0	3	0	0	0	0	1	0	0	1	0	0	1
ERCC-00160	189	154	197	175	135	205	169	150	147	162	106	60	79	155	60	93	77	58	72	69	110	129	154	76	88	88	88	84	78	60	121	75	81	77	80	76	48	42	84	55	50	39	42	65	60	59	44	58	42	50	58	73	31	36	42	29	15	27	38	22	22	33	24	11	38	28	35	28	33	19	24	25	26	25	55	28	16	14	28	26	15	13	17	16	16	15	17	13	10	9
ERCC-00162	274	330	467	406	371	325	368	310	266	292	153	196	168	315	140	301	174	150	196	169	286	267	353	201	172	246	235	222	188	154	277	196	204	231	263	133	109	248	185	118	156	106	100	109	127	161	180	152	118	134	181	208	129	84	103	74	56	90	95	44	64	111	54	59	64	75	78	62	77	65	63	59	65	66	106	71	51	56	60	81	54	41	74	54	59	39	39	35	44	40
ERCC-00163	143	122	155	144	108	146	105	115	111	119	84	62	73	102	47	74	82	57	50	58	87	85	118	76	77	68	71	57	46	48	85	59	58	61	65	45	42	45	59	39	33	21	20	32	33	41	57	47	41	52	39	54	39	22	34	6	8	16	22	17	10	30	25	14	29	18	30	21	20	20	17	11	20	17	37	15	10	9	13	26	15	15	10	14	9	16	9	10	3	11
ERCC-00164	3	0	9	5	4	2	3	9	1	2	4	2	2	3	0	3	3	0	2	0	3	3	5	1	2	3	5	2	4	3	1	1	2	1	2	0	1	3	1	0	2	1	0	1	2	0	0	0	0	0	2	3	2	1	2	2	0	0	2	0	0	3	1	1	2	1	3	0	1	0	2	0	0	0	1	1	0	4	1	1	0	3	0	1	1	0	1	0	0	0
ERCC-00165	695	535	731	642	490	658	546	503	537	566	396	261	327	507	208	314	288	266	229	263	320	393	531	325	310	304	270	283	234	241	360	279	303	284	298	212	210	126	300	197	173	123	138	166	179	223	242	208	177	189	203	292	152	137	123	60	76	108	129	74	72	132	86	94	86	106	121	89	117	80	69	92	72	97	152	91	75	45	74	96	55	49	70	62	59	44	51	55	52	40
ERCC-00168	3	7	8	16	6	9	6	8	9	7	3	4	0	8	3	4	7	3	4	7	9	8	10	5	5	6	5	6	3	3	3	4	7	4	2	1	7	3	3	1	4	5	1	2	5	7	2	4	2	1	0	8	5	2	3	1	2	2	0	1	2	1	2	1	2	3	2	1	1	3	1	1	2	0	2	1	1	1	2	3	1	0	0	0	4	1	1	0	1	2
ERCC-00170	17	15	15	22	21	22	20	19	23	20	10	11	7	25	7	9	7	11	11	8	12	15	18	10	13	13	4	8	9	15	13	9	15	9	10	11	6	16	12	7	3	10	5	15	8	10	6	14	8	9	8	23	6	5	14	4	1	7	6	4	2	6	1	4	9	1	5	2	1	5	3	1	3	2	8	2	7	4	0	14	2	2	1	3	2	2	3	3	0	3
ERCC-00171	15756	13024	16923	15453	12807	15538	11986	12581	11984	13216	8320	5671	7048	11093	4819	7751	6950	4991	5595	5336	8068	9288	11370	6790	7677	7237	6611	6754	5299	5437	8668	6028	6813	6791	7108	4409	4108	4829	7243	3904	4054	3225	3135	3983	4195	4203	4706	4541	3921	4317	5175	6115	3618	2608	3197	1564	1449	2358	2525	1447	1752	2801	1653	1898	2063	2087	2589	2089	2109	2065	1556	1653	1725	1921	3249	1693	1346	1432	1707	2187	1320	1141	1455	1256	1193	990	1083	1149	848	1055
